4.00000001e-15	6.302945748716805e-26	4.351707029680875e-12
4.73000011e-15	6.302945614818121e-25	4.385181901361303e-12
4.7599999e-15	6.302945614818122e-24	4.407498337424682e-12
4.91000012e-15	6.302945960723054e-23	4.546975920553448e-12
6.99000006e-15	7.551104552555234e-22	6.471769917429146e-12
9.89999996e-15	8.736777248382057e-21	9.149743617496096e-12
2.71999999e-14	1.0609016168266013e-19	2.5161794911850037e-11
1.27e-13	3.632001829948672e-18	1.1827716915866996e-10
6.93000019e-13	1.185672907833073e-16	6.415978632001786e-10
6.29500011e-12	6.08078550546753e-15	5.824592948002679e-9
1.58099991e-11	3.1003124302611025e-14	1.4628431042178087e-8
3.97200016e-11	1.517072015175184e-13	3.6749608457933496e-8
9.97599989e-11	7.182883240348137e-13	9.22785101539835e-8
2.50600013e-10	3.286319950903816e-12	2.318678910957376e-7
6.29399977e-10	1.4465520754295918e-11	5.824592479357286e-7
1.581e-9	6.08770373800491e-11	1.4628431488507032e-6
3.97200006e-9	2.44063831733988e-10	3.6755189243472444e-6
4.99999997e-9	3.281968243695604e-10	4.626757397902255e-6
9.97599958e-9	8.955255713010489e-10	9.233429602767239e-6
1.98999999e-8	2.3919883842892214e-9	0.000018422227181432718
3.97199997e-8	6.278062742691364e-9	0.00003676076869002455
7.9240003e-8	1.6250836532024102e-8	0.00007336532325373801
1.58099994e-7	4.16625735326936e-8	0.00014639588819459942
1.98999999e-7	5.453023833965633e-8	0.00018433386074536936
3.15499989e-7	1.0165922706985048e-7	0.00029217806962731534
4.99999999e-7	1.8903147176969427e-7	0.00046312206427136807
6.29400006e-7	2.5767685114929705e-7	0.0005830171702744923
7.92399987e-7	3.1427137022985945e-7	0.0007342111002008481
9.97599955e-7	4.2810757754965417e-7	0.000924458816112475
1.58099999e-6	7.937960432939077e-7	0.0014650748047310871
2.5060001e-6	1.4703190805623745e-6	0.002323142055344789
3.97199983e-6	2.7221601762999334e-6	0.003682771814327159
4.99999987e-6	3.533363099754519e-6	0.0046373577214907395
6.29399983e-6	4.806516235215354e-6	0.005835750937290783
7.92399987e-6	6.540169783530463e-6	0.007353269471100201
9.976e-6	8.892769939745593e-6	0.00925574675295693
0.00001256	0.000012094398348582906	0.011660343673287213
0.0000158099992	0.000015620397121178308	0.014678642936844455
0.0000199000006	0.00002124302644498996	0.018483597411292123
0.0000250600006	0.000028880830841330063	0.02327605434054899
0.0000315500001	0.00003712564126311091	0.02931265286766347
0.0000397199983	0.00005047980272260657	0.03691698437848694
0.0000499999987	0.0000686465036822138	0.046485161459495654
0.000062940002	0.00009329613847355502	0.058524884735550106
0.0000792400024	0.00012686900357063158	0.07375585817897791
0.00009976	0.00016207320464182103	0.09283642021870118
0.000110499997	0.00018047310421780854	0.10287881834411962
0.000125599996	0.00020531130997545192	0.1169381856728409
0.000158099996	0.0002791452756081232	0.14728854831510826
0.000199000002	0.0003629546942646731	0.18550547199285877
0.0002	0.0003652384152474528	0.18644716405927889
0.0004	0.0006262604014190508	0.3753736917135363
0.0006000000000000001	0.0007784742961326266	0.5634026874822423
0.0008	0.0009467173656193651	0.7514848416127181
0.001	0.0011317941540947497	0.9396108779240566
0.0012000000000000001	0.0013326704734277837	1.1277752121228903
0.0014000000000000002	0.0015480908292880532	1.3159739706968656
0.0016	0.0017770930247689755	1.5042044358989264
0.0018000000000000002	0.0020185931127895467	1.6924645445615436
0.002	0.002271522239714266	1.880752194127405
0.0022	0.0025348059899323603	2.069065291759293
0.0024000000000000002	0.0028073686167788825	2.257401744619987
0.0026000000000000003	0.003089244731550863	2.4457599606995184
0.0028000000000000004	0.003383446849133654	2.6341411351100197
0.003	0.0036871797929746886	2.8225440251402256
0.0032	0.004000013922799037	3.010967840145496
0.0034000000000000002	0.004321519158885375	3.1994117894811893
0.0036000000000000003	0.004651265000061513	3.387875082502665
0.0038000000000000004	0.004988140224277163	3.5763558860349463
0.004	0.005332169136056056	3.764854108080608
0.0042	0.005683480661405355	3.953369816885597
0.0044	0.006041845149377414	4.141902531402885
0.0046	0.006407032752651256	4.330451770585442
0.0048	0.006778779524274093	4.519016989626627
0.005	0.007156529548103297	4.707597095222945
0.0052	0.007540498073973395	4.89619244434897
0.0054	0.007930533977223174	5.084802705172031
0.0056	0.008326486018744942	5.273427545859452
0.0058	0.00872820284763578	5.462066634578562
0.006	0.009135415056068168	5.650719411634885
0.0062	0.009548001826845665	5.839385604701379
0.0064	0.009965966349473552	6.028065181099496
0.0066	0.010389201500452912	6.216757895145402
0.0068	0.01081760008406673	6.405463501155265
0.007	0.011251054833770046	6.594181753445255
0.0072	0.011689321202614757	6.782912142101432
0.0074	0.012132449724637267	6.97165472565558
0.0076	0.012580368317771413	7.160409326534038
0.0078	0.01303299819410324	7.349175754342827
0.008	0.013490260517091127	7.537953818687973
0.0082	0.013952034761543292	7.726743252730708
0.008400000000000001	0.014418227868434594	7.915543840175031
0.008600000000000002	0.014888845363424337	8.104355545758345
0.0088	0.015363828889490947	8.29317821698979
0.009000000000000001	0.015843120055170214	8.482011701378514
0.009200000000000002	0.01632666043502483	8.670855846433659
0.0094	0.01681432996546559	8.859710384935553
0.009600000000000001	0.01730613102886895	9.048575277790288
0.009800000000000001	0.017802032730207803	9.237450423950108
0.01	0.01830199124024107	9.426335698323193
0.0102	0.018802940538814122	9.61520941272326
0.010400000000000001	0.01930806417478564	9.804092733809217
0.010600000000000002	0.019817328855107823	9.992985574595487
0.0108	0.020330700797365008	10.181887848096501
0.011000000000000001	0.02084814620141667	10.370799467326687
0.011200000000000002	0.021369631249552597	10.559720345300473
0.0114	0.021895122106648054	10.748650395032282
0.011600000000000001	0.022424584920319107	10.937589529536547
0.011800000000000001	0.022957985821077873	11.126537661827696
0.012	0.023495290922487894	11.31549470492015
0.0122	0.02403643725706098	11.504460528719997
0.012400000000000001	0.02458142723022163	11.693435100127097
0.012600000000000002	0.025130234175317744	11.88241834293296
0.0128	0.02568283141217815	12.071410180929101
0.013000000000000001	0.0262391922472198	12.260410537907036
0.013200000000000002	0.026799266978009717	12.449419301733386
0.0134	0.027363057625010886	12.638436441105778
0.013600000000000001	0.0279305432067354	12.827461888796954
0.013800000000000002	0.028501702730886043	13.016495577579647
0.014000000000000002	0.02907651519443078	13.205537440226594
0.0142	0.0296549407583081	13.39458737925388
0.014400000000000001	0.030236981926856733	13.583645365255057
0.014600000000000002	0.03082262237385843	13.77271133856703
0.0148	0.031411845764394195	13.961785239526693
0.015000000000000001	0.03200463575489578	14.150867008470952
0.015200000000000002	0.03260092166395654	14.339956559988847
0.0154	0.03320075503574032	14.529053866602101
0.015600000000000001	0.0338041330881526	14.718158875084582
0.0158	0.03441105303440893	14.907271532210151
0.016	0.035021512083043	15.096391784752674
0.0162	0.035635409828740784	15.285519555094133
0.016399999999999998	0.036252865471226414	15.474654820498248
0.0166	0.03687390061519174	15.66379753383686
0.0168	0.037498536866843665	15.852947647981798
0.017	0.03812679583385122	16.042105115804905
0.0172	0.0387588007607527	16.231269864430814
0.0174	0.03939444622304338	16.420441878915362
0.0176	0.04003372841684136	16.609621118567187
0.0178	0.04067664353423682	16.798807542694913
0.018	0.04132318776330058	16.98800111060718
0.0182	0.041973345987701846	17.17720176528108
0.0184	0.04262712851134044	17.36640948643968
0.0186	0.0432845343365572	17.555624237474493
0.0188	0.04394556246263874	17.744845981777054
0.019	0.044610211885819526	17.934074682738874
0.0192	0.045278473678305356	18.12331028930823
0.0194	0.04595035673022467	18.312552782930705
0.0196	0.046625862009796314	18.501802130608628
0.019799999999999998	0.04730499048289474	18.69105829934434
0.02	0.0479877431130485	18.880321256140174
0.0202	0.04867411426871883	19.069590955243946
0.0204	0.04936411314860294	19.25886737960114
0.0206	0.050057742358104715	19.448150499402704
0.0208	0.050755004500864856	19.637440284839617
0.021	0.0514559021787569	19.826736706102835
0.0212	0.05216043471986733	20.016039722070282
0.0214	0.05286860881187124	20.20534931707422
0.0216	0.05358042786980329	20.394665464133872
0.0218	0.05429589530729917	20.583988136268456
0.022	0.055015014536591064	20.773317306497194
0.0222	0.05573778195006959	20.962652937861023
0.0224	0.056464209729228734	21.15199501585202
0.0226	0.057194303037357466	21.341343515983986
0.0228	0.057928067036868446	21.53069841377072
0.023	0.05866550688929156	21.720059684726003
0.0232	0.05940662613153975	21.909427295341175
0.0234	0.060151431952573414	22.098801232408114
0.0236	0.06089992991748548	22.288181473696223
0.023799999999999998	0.061652125590714986	22.477567996974923
0.024	0.062408024536040725	22.666960780013625
0.0242	0.06316762266775314	22.85635979257764
0.0244	0.0639309376082174	23.045765022441504
0.0246	0.06469797733218803	23.235176449375647
0.0248	0.06546874981436114	23.42459405315051
0.025	0.06624326302936613	23.614017813536528
0.0252	0.06702147494517291	23.80344770285278
0.0254	0.0678034560399895	23.992883710183893
0.0256	0.06858922679306112	24.18232581716315
0.0258	0.06937880768608587	24.371774005423813
0.026	0.07017221920319537	24.56122825659916
0.0262	0.07096952736139307	24.750688543846163
0.0264	0.07177069574005127	24.940154859393473
0.0266	0.072575733445359	25.129627186993446
0.0268	0.07338464958387567	25.319105510398437
0.027	0.07419745326252333	25.50858981336079
0.0272	0.07501415354281227	25.69808007368974
0.0274	0.07583475958936158	25.887576282566545
0.0276	0.07665928052173117	26.077078425229328
0.027800000000000002	0.0774877254599374	26.26658648691622
0.028	0.07832010352444616	26.456100452865357
0.0282	0.07915642258098352	26.645620302984696
0.0284	0.07999669331957861	26.83514602917509
0.0286	0.08084092517601003	27.024677618007196
0.0288	0.08168912758664708	27.2142150560517
0.029	0.08254130998844321	27.403758329879278
0.0292	0.08339747435223355	27.59330742122126
0.0294	0.08425763944871392	27.782862322697497
0.0296	0.08512181658378105	27.972423022088496
0.0298	0.08599001706433304	28.161989507174752
0.03	0.0868622521982626	28.351561765736783
0.0302	0.0877385333259264	28.54113978094273
0.0304	0.08861887171767167	28.73072354633855
0.0306	0.08950327867658253	28.92031305085785
0.0308	0.09039176550680622	29.10990828343423
0.031	0.09128434351354679	29.299509233001285
0.0312	0.0921810237979689	29.489115884313005
0.031400000000000004	0.09308181792356127	29.67872823152751
0.0316	0.0939867372500556	29.868346264623295
0.0318	0.09489579313831459	30.05796997357887
0.032	0.09580899695032596	30.247599348372734
0.0322	0.09672636643531828	30.43723437517687
0.0324	0.09764790497521536	30.62687504872794
0.0326	0.09857362233856092	30.81652135995607
0.0328	0.09950352829479982	31.00617329979141
0.033	0.10043763261427355	31.19583085916408
0.0332	0.10137593847942562	31.385494025720792
0.0334	0.10231846389772874	31.575162794495967
0.0336	0.10326522028984038	31.7648371572406
0.033800000000000004	0.10421621907766035	31.954517105705687
0.034	0.10517147168432597	32.14420263164221
0.0342	0.10613099756867968	32.33389372361032
0.0344	0.10709479811372404	32.52359037734958
0.0346	0.1080628827373086	32.713292585408674
0.0348	0.10903526085822084	32.90300034033632
0.035	0.11001194189618255	33.092713634681225
0.0352	0.11099292578442442	33.282432458289705
0.0354	0.11197823380297253	33.47215680708844
0.0356	0.11296787774678047	33.661886674301726
0.0358	0.11396186941219652	33.85162205315386
0.036	0.11496022059695978	34.04136293686914
0.0362	0.11596294003502372	34.23110931593158
0.0364	0.11697004335802037	34.420861186990834
0.0366	0.11798154313437433	34.61061854395627
0.0368	0.11899745193408064	34.80038138073727
0.037	0.12001778232870097	34.990149691243204
0.037200000000000004	0.12104253844411085	35.17992346677806
0.0374	0.12207174341331149	35.36970270450792
0.0376	0.12310541192488507	35.55948739899353
0.0378	0.1241435586693897	35.74927754479561
0.038	0.12518619833935551	35.939073136474875
0.0382	0.12623337664514245	36.12887416596957
0.038400000000000004	0.1272850695156097	36.318680631118525
0.0386	0.12834128389362362	36.508492527138046
0.0388	0.12940202672273943	36.69830984924449
0.039	0.13046730494719924	36.888132592654195
0.0392	0.13153710143694394	37.07796075093241
0.0394	0.1326114532294481	37.26779432135934
0.0396	0.13369037329108832	37.45763329956409
0.0398	0.13477387458998874	37.64747768117576
0.04	0.13586197009601814	37.83732746182346
0.0402	0.13695469083970602	38.027182635018285
0.0404	0.13805202722201093	38.21704319903687
0.040600000000000004	0.1391539877023903	38.406909150037855
0.0408	0.14026058074131834	38.59678048417984
0.041	0.14137181480028457	38.78665719762145
0.0412	0.14248767961166514	38.976539284983865
0.0414	0.14360820705017832	39.166426744347504
0.0416	0.1447334102639224	39.35631957225536
0.041800000000000004	0.1458633024028356	39.54621776525042
0.042	0.146997896618694	39.73612131987564
0.0422	0.14813719910498305	39.92603023080762
0.0424	0.1492812317167109	40.11594449692234
0.0426	0.15043000935161097	40.30586411522939
0.0428	0.151583546909586	40.49578908273836
0.043000000000000003	0.15274185929270595	40.68571939645884
0.0432	0.15390497583177348	40.875655051502164
0.0434	0.15507289340095906	41.06559604725073
0.0436	0.15624562330147726	41.25554238118868
0.0438	0.15742317683614132	41.44549405080017
0.044	0.15860556530936162	41.63545105356934
0.0442	0.15979281493112832	41.8254133855284
0.0444	0.160984918380096	42.01538104597642
0.0446	0.1621818832387242	42.205354032760546
0.0448	0.16338371709047464	42.39533234372792
0.045	0.16459042751981026	42.585315976725674
0.045200000000000004	0.16580199925102002	42.77530492856712
0.0454	0.16701846844531043	42.96529919839167
0.0456	0.168239848406671	43.15529878430494
0.0458	0.16946615244107505	43.34530368441253
0.046	0.1706973938564786	43.53531389682002
0.0462	0.17193361933896228	43.725329418178156
0.046400000000000004	0.1731748004826481	43.91535024841112
0.0466	0.17442094225569532	44.10537638598822
0.0468	0.1756720496268813	44.29540782937878
0.047	0.17692812756560097	44.48544457705212
0.0472	0.1781891054416871	44.67548662680838
0.0474	0.1794550827204269	44.86553397795333
0.0476	0.18072608327708792	45.05558662912361
0.0478	0.18200213099073292	45.24564457895581
0.048	0.18328324974421878	45.43570782608654
0.0482	0.1845695290748317	45.625776366980524
0.0484	0.18586091081441689	45.81585020298924
0.048600000000000004	0.1871574024411874	46.005929333292286
0.0488	0.1884590114344603	46.19601375706923
0.049	0.1897657452746568	46.38610347349968
0.0492	0.19107760304483037	46.57619848103361
0.0494	0.19239460272505074	46.76629877976261
0.0496	0.19371675389912987	46.95640436904868
0.049800000000000004	0.19504406615235265	47.146515248253806
0.05	0.19637654907147684	47.336631416739976
0.0502	0.19771421781780787	47.52675287301732
0.0504	0.1990570750150719	47.71687961751265
0.0506	0.2004051288609133	47.90701164980094
0.0508	0.20175838755423886	48.09714896945714
0.051000000000000004	0.20311685929521794	48.287291576056205
0.0512	0.20448053163403979	48.477439468477016
0.0514	0.2058494385859113	48.66759264716462
0.0516	0.2072235935186992	48.857751111868
0.0518	0.20860300980241245	49.047914862336135
0.052000000000000005	0.2099877008092021	49.238083898317996
0.0522	0.21137764781791155	49.42825821851561
0.0524	0.2127729043218968	49.61843782398664
0.0526	0.21417349172530603	49.8086227147418
0.0528	0.21557943143579644	49.998812890791804
0.053	0.2169907448645347	50.189008352147354
0.053200000000000004	0.21840754205231527	50.37920909723502
0.0534	0.21982973364106462	50.569415128045705
0.0536	0.22125731889138747	50.75962644498616
0.0538	0.22269029706374852	50.94984304846315
0.054	0.2241286674184723	51.14006493888343
0.0542	0.22557236567788222	51.33029211676669
0.054400000000000004	0.22702147051971824	51.52052458237852
0.0546	0.22847599709165695	51.71076233609742
0.0548	0.22993596054388157	51.9010053783019
0.055	0.23140137602908256	52.0912537093705
0.0552	0.23287227868138727	52.28150732865364
0.055400000000000005	0.23434865868624705	52.471766237814954
0.055600000000000004	0.23583052620813852	52.66203043748995
0.0558	0.23731789141324341	52.8522999283142
0.056	0.2388107644694484	53.04257471092322
0.0562	0.24030912436983076	53.23285478532834
0.0564	0.24181302025402512	53.423140152945365
0.056600000000000004	0.24332247009081348	53.613430814565895
0.0568	0.24483749185200396	53.80372677098151
0.057	0.2463581035124321	53.994028022983805
0.0572	0.24788435533289455	54.18433457023413
0.0574	0.24941622494291993	54.37464641493688
0.0576	0.25095372225405443	54.56496355816623
0.057800000000000004	0.2524968571795599	54.75528600099631
0.058	0.2540456396344142	54.94561374450128
0.0582	0.25560009292656394	55.13594678922887
0.0584	0.2571602102363092	55.32628513691127
0.0586	0.2587259981352873	55.51662878875425
0.058800000000000005	0.2602974631963098	55.70697774596358
0.059000000000000004	0.2618746119933629	55.897332009745
0.0592	0.2634573892329278	56.08769158102688
0.0594	0.2650458788226482	56.27805646136175
0.0596	0.26664010281045214	56.468426652024725
0.0598	0.26824008324804227	56.65880215429093
0.060000000000000005	0.2698458421908977	56.84918296943548
0.060200000000000004	0.27145749936185404	57.03956909745472
0.0604	0.27307495475156623	57.229960541222226
0.0606	0.2746982060058951	57.42035730233283
0.0608	0.2763272507704301	57.610759382381346
0.061	0.2779620866904888	57.80116678296258
0.061200000000000004	0.27960261659415747	57.991579506029055
0.0614	0.2812489566404693	58.181997552728454
0.0616	0.2829011281831211	58.37242092456618
0.0618	0.28455915257950587	58.56284962304763
0.062	0.2862230511907146	58.75328364967821
0.0622	0.28789285538653747	58.94372300479844
0.062400000000000004	0.2895685740298914	59.134167691369804
0.0626	0.29125022599124245	59.32461771118889
0.06280000000000001	0.2929378301443781	59.515073066052345
0.06300000000000001	0.29463140536640836	59.705533757756754
0.0632	0.2963310890493686	59.89599978714369
0.06340000000000001	0.29803675194619317	60.086471157203576
0.0636	0.2997483833098822	60.27694786997177
0.06380000000000001	0.3014659723918074	60.46742992748365
0.06400000000000002	0.30318950844171033	60.657917331774584
0.06420000000000001	0.30491874772236116	60.84841008579189
0.06440000000000001	0.30665397069478256	61.03890819043101
0.0646	0.3083952248623836	61.2294116474993
0.06480000000000001	0.3101425577367361	61.419920458804164
0.065	0.3118960168375785	61.61043462615295
0.06520000000000001	0.31365588172383296	61.80095414869267
0.06540000000000001	0.31542190990981145	61.99147903155618
0.0656	0.31719409091990336	62.18200927721597
0.06580000000000001	0.31897241427696954	62.37254488814454
0.066	0.32075686950233984	62.56308586681435
0.06620000000000001	0.3225474287807088	62.753632216618634
0.06640000000000001	0.3243441032979884	62.94418393887896
0.0666	0.32614688690556376	63.13474103583761
0.06680000000000001	0.32795577345398924	63.32530350973691
0.067	0.3297707567929864	63.51587136281915
0.06720000000000001	0.3315915907419515	63.706444597952185
0.06740000000000002	0.3334185691680402	63.89702321659638
0.06760000000000001	0.33525174593852936	64.08760722083765
0.06780000000000001	0.3370911749300223	64.27819661276195
0.068	0.33893691002845466	64.46879139445515
0.06820000000000001	0.34078930385104533	64.65939156512178
0.0684	0.3426480369220127	64.84999713044951
0.06860000000000001	0.3445130884591183	65.04060809324467
0.06880000000000001	0.3463844376768805	65.2312244563135
0.069	0.34826206378657226	65.42184622246226
0.06920000000000001	0.3501457449722572	65.61247339600575
0.0694	0.35203571170377096	65.80310597786462
0.06960000000000001	0.353931993449248	65.99374397046807
0.06980000000000001	0.3558346196820799	66.18438737624524
0.07	0.35774361988092107	66.37503619762529
0.07020000000000001	0.35965906970597267	66.56569043565065
0.0704	0.3615809409294407	66.7563500944839
0.07060000000000001	0.3635092514993172	66.94701517690093
0.07080000000000002	0.3654440193669467	67.13768568567757
0.07100000000000001	0.3673852624870301	67.32836162358967
0.07120000000000001	0.36933311132861546	67.51904299272425
0.0714	0.3712874432227652	67.70972979671821
0.07160000000000001	0.37324824800053696	67.90042203851965
0.0718	0.3752155154915613	68.09111972107662
0.07200000000000001	0.37718923552404077	68.28182284733722
0.07220000000000001	0.3791691917590635	68.47253142112987
0.0724	0.38115563171366096	68.66324544430218
0.07260000000000001	0.3831485967641642	68.85396491958215
0.0728	0.38514812829428696	69.04468984969775
0.07300000000000001	0.38715426769513384	69.23542023737697
0.07320000000000002	0.38916731368747576	69.42615608340576
0.0734	0.3911869860436093	69.61689739293962
0.07360000000000001	0.39321326183255106	69.80764416919209
0.0738	0.395246118119728	69.99839641537662
0.07400000000000001	0.39728553196697436	70.18915413470673
0.07420000000000002	0.3993309957519491	70.37991733196186
0.07440000000000001	0.40138309234355707	70.57068600839806
0.07460000000000001	0.40344191998899376	70.76146016683732
0.0748	0.40550757695270223	70.95223981010167
0.07500000000000001	0.4075801615163892	71.14302494101312
0.0752	0.40966040695016503	71.33381555751889
0.07540000000000001	0.4117476179040925	71.52461166853446
0.07560000000000001	0.4138417339349416	71.71541327810053
0.0758	0.4159426945895169	71.90622039025774
0.07600000000000001	0.4180504394046448	72.09703300904685
0.0762	0.4201648075686509	72.28785114206877
0.07640000000000001	0.4222858640140975	72.4786747889139
0.07660000000000002	0.42441357333769814	72.66950395273288
0.07680000000000001	0.426547900130371	72.86033863667633
0.07700000000000001	0.4286888089772331	73.0511788438949
0.0772	0.43083527456326154	73.24202457967822
0.07740000000000001	0.43298849875470774	73.43287584450317
0.07760000000000002	0.43514869364648234	73.62373264098566
0.07780000000000001	0.43731607137066925	73.81459497174156
0.07800000000000001	0.439490844096558	74.00546283938675
0.0782	0.44167488908494956	74.19633623606116
0.07840000000000001	0.44386633738801945	74.38721517747565
0.0786	0.4460649849332064	74.57809966886508
0.07880000000000001	0.4482706276130277	74.76898971546436
0.07900000000000001	0.45048306128501875	74.95988532250833
0.0792	0.4527007846232116	75.15078650596075
0.07940000000000001	0.4549252147518668	75.34169325764545
0.0796	0.4571564717807921	75.53260558011505
0.07980000000000001	0.45939467584109667	75.72352347592222
0.08000000000000002	0.461639947085208	75.91444694761964
0.08020000000000001	0.4638925084970031	76.10537599207966
0.08040000000000001	0.4661523517664732	76.29631061895533
0.0806	0.4684195714022064	76.48725083221935
0.08080000000000001	0.47069426192989045	76.67819663584449
0.08100000000000002	0.47297651789233114	76.86914803380346
0.08120000000000001	0.47526657442209647	77.06010502584556
0.08140000000000001	0.47756435039104894	77.25106762122284
0.0816	0.4798699052428013	77.44203582496385
0.08180000000000001	0.4821832984321449	77.63300964209724
0.082	0.4845045894250636	77.82398907765153
0.08220000000000001	0.4868347099314448	78.01497413427477
0.08240000000000001	0.4891726292161559	78.20596481997127
0.0826	0.49151818867265795	78.39696114036478
0.08280000000000001	0.4938712296671155	78.58796310107905
0.083	0.4962315935383466	78.77897070773783
0.08320000000000001	0.4985980789955871	78.96998397405446
0.08340000000000002	0.500971830495023	79.16100289554068
0.08360000000000001	0.5033529500011521	79.35202747579781
0.08380000000000001	0.5057415394970441	79.54305771842725
0.084	0.5081377009843601	79.7340936270303
0.08420000000000001	0.5105414113165203	79.92513520074809
0.08440000000000002	0.5129529289809258	80.11618244875726
0.08460000000000001	0.5153723873340319	80.30723537577421
0.08480000000000001	0.5177999197567427	80.49829398651538
0.085	0.520235659654445	80.68935828569714
0.08520000000000001	0.5226797487192536	80.8804282722709
0.0854	0.525132310078069	81.07150395815935
0.08560000000000001	0.5275934751442287	81.26258534952017
0.08580000000000002	0.530063375355587	81.453672452511
0.08600000000000001	0.5325421421745586	81.64476527328951
0.08620000000000001	0.5352163223377179	81.83586381253649
0.0864	0.5378530429709572	82.02696808325571
0.08660000000000001	0.540405821330455	82.21807809297408
0.08680000000000002	0.5428281662841796	82.4091938492185
0.08700000000000001	0.5450735782929508	82.60031535951583
0.08720000000000001	0.5467037863857837	82.79144474531313
0.0874	0.5481619440335624	82.98257937173709
0.08760000000000001	0.5494994924167723	83.17371871783462
0.0878	0.5507678816548296	83.36486226265255
0.08800000000000001	0.5520185694040041	83.55600948523777
0.08820000000000001	0.5534232871571703	83.74715750563401
0.0884	0.5548831717419174	83.93830875164203
0.08860000000000001	0.55641962480718	84.12946329205948
0.0888	0.5580540503248793	84.320621195684
0.08900000000000001	0.559807854667042	84.51178253131324
0.08920000000000002	0.5617715588376034	84.70294642256229
0.08940000000000001	0.5638801861635351	84.89411411970697
0.08960000000000001	0.5661378711384161	85.0852859278406
0.0898	0.5685487497391376	85.27646215205645
0.09000000000000001	0.5711169594917768	85.46764309744785
0.09020000000000002	0.5739817047761541	85.65882891411958
0.09040000000000001	0.5769783045871386	85.85002010090051
0.09060000000000001	0.5800771287198984	86.04121700163108
0.0908	0.5832485423884454	86.23241996015167
0.09100000000000001	0.5864629056920801	86.42362932030274
0.0912	0.5895718179332416	86.61484674436237
0.09140000000000001	0.592694059916447	86.80607092812383
0.09160000000000001	0.5958296696972166	86.99730188581813
0.0918	0.5989786853428064	87.1885396316762
0.09200000000000001	0.6021411449322385	87.37978417992906
0.0922	0.6053170900542633	87.57103554439453
0.09240000000000001	0.6085065544393753	87.76229373982004
0.09260000000000002	0.6117095753273777	87.95355878053982
0.09280000000000001	0.6149261899697921	88.14483068088815
0.09300000000000001	0.6181564356298861	88.33610945519929
0.0932	0.621400354036825	88.52739511744227
0.09340000000000001	0.6246579769101731	88.71868768240789
0.09360000000000002	0.6279293404348024	88.90998716452175
0.09380000000000001	0.631214480807224	89.10129357820938
0.09400000000000001	0.6345134342356178	89.29260693789638
0.0942	0.6378262601772287	89.48392725769904
0.09440000000000001	0.6411529658191233	89.67525455242954
0.0946	0.6444935815937449	89.86658883659075
0.09480000000000001	0.6478481379440578	90.05793012468558
0.09500000000000001	0.6512166653235697	90.24927843121694
0.0952	0.6545992015897799	90.4406337706278
0.09540000000000001	0.6579957679762762	90.63199615749595
0.0956	0.661406393119471	90.82336560633921
0.09580000000000001	0.6648311056660067	91.01474213167549
0.09600000000000002	0.6682699342727735	91.20612574802263
0.09620000000000001	0.6716776664327585	91.39751646991454
0.09640000000000001	0.6751108778730635	91.58891431184902
0.0966	0.6785809107237132	91.78031928833995
0.09680000000000001	0.6820991096620149	91.97173141390117
0.09700000000000002	0.6856768219213963	92.16315070304654
0.09720000000000001	0.6893934032097538	92.35457670842557
0.09740000000000001	0.6931752049580688	92.54601002188254
0.0976	0.697016576077634	92.73745077339737
0.09780000000000001	0.7009118643216431	92.92889909295003
0.098	0.7048554162466336	93.12035511052042
0.09820000000000001	0.7088524401233516	93.31181919497023
0.09840000000000002	0.7128837025624699	93.50329117767721
0.09860000000000001	0.7169408296628798	93.6947711289009
0.09880000000000001	0.7210154454689508	93.88625911890081
0.099	0.725099171939564	94.07775521793641
0.09920000000000001	0.7291840689203558	94.26925983692998
0.09940000000000002	0.7332612041133008	94.4607726203126
0.09960000000000001	0.7373220829963811	94.6522935531781
0.09980000000000001	0.7413582088841775	94.84382262062034
0.1	0.745361082934247	95.03535980773314
0.10020000000000001	0.7492799055605224	95.22690543493131
0.10040000000000002	0.7531590420576687	95.41845906815746
0.10060000000000001	0.7570005652475289	95.61002060867519
0.10080000000000001	0.7608065485447395	95.80158995774812
0.101	0.7645790659460686	95.99316701663982
0.10120000000000001	0.7682924664555351	96.18475159756076
0.1014	0.771983479318428	96.37634371309096
0.10160000000000001	0.7756611136529327	96.56794328675731
0.10180000000000002	0.7793343807038777	96.75955024208672
0.10200000000000001	0.7830122938069616	96.95116450260602
0.10220000000000001	0.7867398127854156	97.1427856359554
0.1024	0.7904810279871819	97.33441401052015
0.10260000000000001	0.7942359701845148	97.52604963879887
0.10280000000000002	0.7980046701598541	97.7176925332901
0.10300000000000001	0.8017871587058465	97.90934270649242
0.10320000000000001	0.805583464544867	98.10100017068191
0.1034	0.8093936210904222	98.29266493863527
0.10360000000000001	0.8132176596861911	98.4843370229067
0.10380000000000002	0.8170556116862727	98.6760164360504
0.10400000000000001	0.8209075084552078	98.86770319062056
0.10420000000000001	0.8247733817757285	99.05939729893348
0.1044	0.8286532625236704	99.25109877384074
0.10460000000000001	0.832547181993082	99.44280762795606
0.1048	0.8364551714885263	99.63452387389309
0.10500000000000001	0.8403772623251048	99.82624752426553
0.10520000000000002	0.8443134862447627	100.01797859145775
0.10540000000000001	0.8482638740633897	100.20971708837006
0.10560000000000001	0.8522284570237385	100.4014630276735
0.1058	0.8562072663791719	100.59321642203908
0.10600000000000001	0.8602003333936844	100.78497728413782
0.10620000000000002	0.8642076897664446	100.97674562641977
0.10640000000000001	0.8682293662521314	101.16852146183214
0.10660000000000001	0.8722653940406134	101.36030480310122
0.1068	0.8763158043324631	101.55209566295326
0.10700000000000001	0.8803806283389773	101.74389405411453
0.10720000000000002	0.8844598977146474	101.93569998909842
0.10740000000000001	0.8885536431517359	102.12751348089726
0.10760000000000002	0.8926618957857131	102.3193345422906
0.1078	0.896784686762843	102.51116318605787
0.10800000000000001	0.9009220472402085	102.70299942497859
0.1082	0.9050740088258048	102.89484327162718
0.10840000000000001	0.909240602148335	103.08669473903946
0.10860000000000002	0.9134218582874231	103.27855384004616
0.10880000000000001	0.9176178083335805	103.47042058747802
0.10900000000000001	0.9218284833882282	103.66229499416579
0.1092	0.9260539150111294	103.8541770727428
0.10940000000000001	0.9302941337663376	104.04606683628658
0.10960000000000002	0.934549170676253	104.23796429767722
0.10980000000000001	0.9388190567742551	104.42986946979482
0.11000000000000001	0.943103823104723	104.6217823655195
0.1102	0.947403501177529	104.8137029975413
0.11040000000000001	0.9517181214910427	105.00563137897791
0.11060000000000002	0.9560477150091271	105.19756752275688
0.11080000000000001	0.9603923127067153	105.38951144180585
0.11100000000000002	0.9647519455698295	105.58146314905244
0.11120000000000001	0.9691266450568683	105.77342265724138
0.11140000000000001	0.9735164415995323	105.96538997952887
0.1116	0.9779213661018978	106.15736512888819
0.11180000000000001	0.9823414494791989	106.3493481182927
0.11200000000000002	0.9867767226578467	106.5413389607157
0.11220000000000001	0.9912272170432551	106.73333766895465
0.11240000000000001	0.9956929629995228	106.92534425620269
0.1126	1.000173991369747	107.11735873547714
0.11280000000000001	1.004670333008269	107.30938111979528
0.11300000000000002	1.0091820187806964	107.5014114221744
0.11320000000000001	1.0137090800380146	107.69344965546267
0.11340000000000001	1.0182515470758358	107.88549583288881
0.1136	1.0228094506751422	108.07754996751233
0.11380000000000001	1.0273828216282495	108.26961207239286
0.11400000000000002	1.0319716907388228	108.46168216058993
0.11420000000000001	1.0365760893020448	108.65376024500058
0.11440000000000002	1.0411960475441997	108.84584633888757
0.11460000000000001	1.0458315961830764	109.03794045535109
0.11480000000000001	1.0504827659478815	109.23004260749137
0.115	1.0551495875792585	109.42215280840858
0.11520000000000001	1.0598320923152729	109.61427107104682
0.11540000000000002	1.0645303103120856	109.80639740870146
0.11560000000000001	1.0692442722232636	109.99853183451174
0.11580000000000001	1.0739740087138787	110.19067436161696
0.116	1.0787195504605218	110.3828250031563
0.11620000000000001	1.0834809286428893	110.57498377211911
0.11640000000000002	1.088258173346265	110.76715068183206
0.11660000000000001	1.0930513151590198	110.95932574547189
0.11680000000000001	1.0978603846811104	111.15150897621537
0.117	1.1026854125240988	111.3437003872392
0.11720000000000001	1.1075264298081222	111.53589999157622
0.11740000000000002	1.1123834665468704	111.72810780258308
0.11760000000000001	1.1172565532625869	111.9203238334725
0.11780000000000002	1.122145720489186	112.11254809745724
0.11800000000000001	1.1270509987722688	112.30478060774999
0.11820000000000001	1.131972419171276	112.49702137742543
0.1184	1.1369100116276265	112.68927041986886
0.11860000000000001	1.1418638065965567	112.88152774832758
0.11880000000000002	1.1468338345450522	113.07379337604884
0.11900000000000001	1.1518201259518688	113.26606731627984
0.11920000000000001	1.1568227118146512	113.4583495821355
0.1194	1.1618416220019299	113.65064018702851
0.11960000000000001	1.1668768869010981	113.84293914423931
0.11980000000000002	1.1719285369113797	114.03524646704821
0.12000000000000001	1.1769966024438498	114.22756216873557
0.12020000000000002	1.1820811144333634	114.4198862624549
0.12040000000000001	1.1871821026749192	114.6122187616451
0.12060000000000001	1.1922995974872685	114.80455967961832
0.1208	1.1974336292010717	114.9969090296866
0.12100000000000001	1.2025842281589223	115.18926682516206
0.12120000000000002	1.2077514252318657	115.38163307923524
0.12140000000000001	1.2129352501408364	115.57400780537013
0.12160000000000001	1.2181357331351905	115.76639101690918
0.1218	1.2233529044762752	115.95878272719487
0.12200000000000001	1.2285867944374473	116.15118294956967
0.12220000000000002	1.2338374338250295	116.34359169725974
0.12240000000000001	1.2391048522853363	116.5360089837529
0.12260000000000001	1.2443890799976156	116.72843482242071
0.1228	1.2496901471531823	116.92086922663471
0.12300000000000001	1.2550080839554396	117.11331220976645
0.12320000000000002	1.2603429211450965	117.30576378507624
0.12340000000000001	1.2656946882933433	117.49822396607463
0.12360000000000002	1.271063415508641	117.690692766161
0.12380000000000001	1.2764491329115948	117.8831701987347
0.12400000000000001	1.2818518706349742	118.07565627719508
0.1242	1.287271659353029	118.26815101483518
0.12440000000000001	1.29270852856135	118.46065442518724
0.12460000000000002	1.2981625082969688	118.65316652167718
0.12480000000000001	1.3036336286091372	118.8456873177309
0.125	1.309121919559348	119.03821682677436
0.1252	1.3146274117545875	119.23075506213198
0.1254	1.3201501346143998	119.42330203735655
0.12560000000000002	1.325690118103781	119.61585776589939
0.12580000000000002	1.3312473922000216	119.80842226121179
0.126	1.336821986892728	120.00099553674502
0.1262	1.3424139327208677	120.19357760585362
0.1264	1.3480232590275094	120.3861684821099
0.12660000000000002	1.3536499957050374	120.57876817898936
0.12680000000000002	1.3592941726582057	120.77137670996756
0.127	1.3649558198041554	120.96399408851993
0.1272	1.3706349676131053	121.15662032802976
0.1274	1.3763316453512582	121.34925544208792
0.12760000000000002	1.382045882837844	121.54189944419299
0.12780000000000002	1.387777709904535	121.73455234784358
0.128	1.3935271563954645	121.92721416653822
0.1282	1.3992942527114183	122.1198849136877
0.12840000000000001	1.405079028041357	122.31256460290041
0.12860000000000002	1.4108815121308436	122.50525324769694
0.12880000000000003	1.4167017347379531	122.69795086159783
0.129	1.4225397256332948	122.89065745812364
0.1292	1.428395515147569	123.08337305071139
0.12940000000000002	1.4342691323921464	123.27609765298608
0.12960000000000002	1.4401606070384376	123.4688312784892
0.1298	1.4460699687704357	123.6615739407622
0.13	1.4519972472847393	123.85432565334656
0.1302	1.4579424728413442	124.04708642970432
0.13040000000000002	1.463905674473706	124.23985628347623
0.13060000000000002	1.4698868817786235	124.43263522822357
0.1308	1.4758861243655486	124.62542327750766
0.131	1.4819034318566096	124.81822044488987
0.1312	1.487938826710237	125.01102674385615
0.13140000000000002	1.4939923475435462	125.20384218806198
0.13160000000000002	1.5000640258115499	125.39666679108754
0.1318	1.5061538929825342	125.58950056651297
0.132	1.5122619805380833	125.78234352791847
0.1322	1.518388313196635	125.97519568875462
0.13240000000000002	1.5245329309361333	126.16805706276352
0.13260000000000002	1.5306958669729138	126.36092766355773
0.1328	1.5368771545371922	126.55380750474976
0.133	1.5430768268730928	126.74669659995223
0.1332	1.549294951866046	126.9395949625984
0.13340000000000002	1.5555315195081671	127.1325026065249
0.13360000000000002	1.5617865544254856	127.32541954538908
0.1338	1.568060081255534	127.5183457928483
0.134	1.5743521246473688	127.71128136255994
0.1342	1.580662699394323	127.90422626826071
0.13440000000000002	1.586991842501377	128.0971805235088
0.13460000000000003	1.593339581119951	128.2901441419417
0.1348	1.5997059424137674	128.483117137197
0.135	1.6060909535588659	128.67609952291224
0.13520000000000001	1.612494631605728	128.86909131272822
0.13540000000000002	1.6189170164261595	129.06209252027836
0.13560000000000003	1.625358137768668	129.25510315919936
0.1358	1.6318180253949	129.44812324312798
0.136	1.6382967090796583	129.6411527857009
0.13620000000000002	1.6447942213219129	129.83419180048224
0.13640000000000002	1.6513105885344463	130.0272403011995
0.1366	1.6578458398536688	130.2202983015075
0.1368	1.6644000044290383	130.4133658150612
0.137	1.6709731114230773	130.60644285551547
0.13720000000000002	1.6775651905755415	130.79952943647183
0.13740000000000002	1.6841762703700243	130.99262557165184
0.1376	1.69080637986728	131.18573127472368
0.1378	1.6974555481411748	131.3788465593556
0.138	1.7041238042787004	131.57197143921576
0.13820000000000002	1.7108111779464121	131.76510592792243
0.13840000000000002	1.7175176975496667	131.95825003920626
0.1386	1.7242433920733113	132.15140378674798
0.1388	1.7309882905153653	132.34456718422834
0.139	1.7377524218870346	132.53774024532802
0.13920000000000002	1.7445358157813216	132.73092298368098
0.13940000000000002	1.7513385005252082	132.92411541302636
0.1396	1.7581605050273974	133.11731754705656
0.1398	1.765001858209823	133.310529399464
0.14	1.771862589007669	133.50375098394107
0.14020000000000002	1.7787427269400735	133.6969823141366
0.14040000000000002	1.7856423002554962	133.89022340379745
0.1406	1.792561337786271	134.0834742666269
0.1408	1.7994998683780286	134.27673491632834
0.14100000000000001	1.8064579208897027	134.470005366605
0.14120000000000002	1.8134355247662588	134.6632856311197
0.14140000000000003	1.820432708177512	134.85657572362635
0.1416	1.827449499879226	135.0498756578384
0.1418	1.8344859286405144	135.24318544746936
0.14200000000000002	1.841542023243859	135.4365051062326
0.14220000000000002	1.8486178130597661	135.62983464780405
0.1424	1.8557133261792893	135.823174085944
0.1426	1.86282859128143	136.0165234343754
0.1428	1.8699636370585908	136.20988270682096
0.14300000000000002	1.877118492216604	136.40325191700356
0.14320000000000002	1.8842931860512508	136.59663107861138
0.1434	1.8914877465747186	136.7900202054105
0.1436	1.8987022023890627	136.9834193111325
0.1438	1.9059365821097973	137.17682840950877
0.14400000000000002	1.913190914365924	137.37024751427083
0.14420000000000002	1.9204652283782493	137.56367663911837
0.1444	1.927759552079991	137.75711579782256
0.1446	1.9350739139960922	137.95056500412292
0.1448	1.9424083426650094	138.1440242717588
0.14500000000000002	1.949762866638743	138.3374936144697
0.14520000000000002	1.9571375150628898	138.530973045966
0.1454	1.9645323157916068	138.72446258002336
0.1456	1.971947297272566	138.91796223038855
0.1458	1.9793824879670088	139.11147201080823
0.14600000000000002	1.9868379163497725	139.30499193502908
0.14620000000000002	1.9943136114910054	139.49852201677146
0.1464	2.001809601165742	139.69206226981495
0.1466	2.009325913744241	139.8856127079129
0.1468	2.016862577610384	140.07917334481854
0.14700000000000002	2.024419621161701	140.2727441942851
0.14720000000000003	2.0319970733927173	140.46632527004223
0.1474	2.0395949619992333	140.65991658587274
0.1476	2.047213315273956	140.8535181555359
0.14780000000000001	2.0548521615232676	141.04712999279093
0.14800000000000002	2.062511529067251	141.240752111397
0.14820000000000003	2.070191446824583	141.43438452509216
0.1484	2.077891942411788	141.628027247662
0.1486	2.085613044043893	141.82168029287112
0.14880000000000002	2.0933547799496526	142.01534367448394
0.14900000000000002	2.101117178371575	142.209017406265
0.1492	2.108900268152315	142.40270150196005
0.1494	2.1167040768290484	142.59639597535698
0.1496	2.1245286325390023	142.7901008402249
0.14980000000000002	2.1323739634331873	142.98381611033304
0.15000000000000002	2.140240097676412	143.17754179945047
0.1502	2.148127064035137	143.37127792133012
0.1504	2.156034889967132	143.5650244897615
0.1506	2.163963603531714	143.7587815185178
0.15080000000000002	2.171913232802032	143.95254902137222
0.15100000000000002	2.1798838058650873	144.14632701209797
0.1512	2.1878753514109817	144.3401155044544
0.1514	2.195887896818023	144.5339145122321
0.1516	2.203921470067512	144.72772404920767
0.15180000000000002	2.211976099154636	144.92154412915787
0.15200000000000002	2.220051812088479	145.11537476585931
0.1522	2.2281486390525695	145.30921597307716
0.1524	2.236266605383504	145.50306776460255
0.1526	2.2444057385918277	145.696930154215
0.15280000000000002	2.2525660662018905	145.89080315569413
0.15300000000000002	2.260747615751859	146.0846867828195
0.1532	2.2689505106902703	146.27858104937152
0.1534	2.2771746587261457	146.4724859691287
0.15360000000000001	2.2854200634552186	146.66640155587038
0.15380000000000002	2.293686728479186	146.86032782337588
0.15400000000000003	2.3019746574057076	147.05426478542452
0.1542	2.3102838916692967	147.2482124564139
0.1544	2.318614387619038	147.44217084935062
0.15460000000000002	2.3269661394212697	147.6361399778594
0.15480000000000002	2.3353391412450875	147.830119855565
0.15500000000000003	2.3437333872623376	148.02411049609225
0.1552	2.352148446621785	148.2181119139141
0.1554	2.3605848447211306	148.41212412159513
0.15560000000000002	2.369042682041032	148.60614713254805
0.15580000000000002	2.3775220591003503	148.80018096018551
0.156	2.3860230764562265	148.9942256179203
0.1562	2.3945461755739244	149.18828111728763
0.1564	2.403091031049846	149.38234747404712
0.15660000000000002	2.4116576583034877	149.57642470208089
0.15680000000000002	2.4202460727644133	149.77051281527102
0.157	2.4288562898722668	149.96461182749965
0.1572	2.4374882766978194	150.15872175296118
0.1574	2.446142109167507	150.3528426051474
0.15760000000000002	2.4548178148510593	150.5469743978623
0.15780000000000002	2.463515421332389	150.74111714490996
0.158	2.4722349562096038	150.9352708600944
0.1582	2.480976447704298	151.12943555722032
0.1584	2.4897399226815455	151.32361125009095
0.15860000000000002	2.498525408629786	151.51779795251022
0.15880000000000002	2.5073329330516807	151.71199567828205
0.159	2.516162523464125	151.90620444121024
0.1592	2.5250142080088387	152.10042425510142
0.15940000000000001	2.53388801346815	152.29465513375612
0.15960000000000002	2.542783967249088	152.48889709097764
0.15980000000000003	2.551702096772938	152.68315014056918
0.16	2.560642429475267	152.87741429633397
0.1602	2.5696049934177587	153.0716895720799
0.16040000000000001	2.578589815299915	153.26597598160438
0.16060000000000002	2.587596922447235	153.46027353870957
0.16080000000000003	2.5966263421995133	153.65458225719752
0.161	2.6056781019108644	153.8489021508703
0.1612	2.6147522295627885	154.04323323353657
0.16140000000000002	2.6238487517718765	154.2375755189902
0.16160000000000002	2.6329676957819848	154.43192902103175
0.16180000000000003	2.6421090888512997	154.62629375346157
0.162	2.651272958252367	154.8206697300801
0.1622	2.660459331886357	155.01505696469633
0.16240000000000002	2.669668236286869	155.2094554711001
0.16260000000000002	2.6788996986159983	155.40386526308984
0.1628	2.688153746050211	155.5982863544638
0.163	2.6974304057803757	155.79271875902043
0.1632	2.706729705627181	155.9871624905683
0.16340000000000002	2.7160516720411536	156.18161756289297
0.16360000000000002	2.725396332102518	156.37608398979017
0.1638	2.7347637129059104	156.57056178505573
0.164	2.7441538415604003	156.76505096248547
0.1642	2.7535667458060664	156.95955153588721
0.16440000000000002	2.7630024520102703	157.15406351904167
0.16460000000000002	2.7724609871712604	157.34858692574164
0.1648	2.7819423783017263	157.54312176977984
0.165	2.7914466524288284	157.73766806494916
0.1652	2.800973837211896	157.93222582505612
0.16540000000000002	2.8105239589350446	158.12679506387627
0.16560000000000002	2.8200970445144318	158.32137579519892
0.1658	2.829693120880695	158.5159680328134
0.166	2.839312214978968	158.71057179050902
0.16620000000000001	2.8489543543877014	158.9051870820907
0.16640000000000002	2.8586195653076727	159.0998139213283
0.16660000000000003	2.8683078745728423	159.2944523220073
0.1668	2.87801930903168	159.4891022979131
0.167	2.8877538955471893	159.68376386283123
0.16720000000000002	2.897511661616802	159.8784370305643
0.16740000000000002	2.9072926333578715	160.07312181487626
0.16760000000000003	2.9170968375220503	160.26781822954828
0.1678	2.9269243008755272	160.46252628836143
0.168	2.936775050199062	160.65724600509697
0.16820000000000002	2.9466491129089403	160.85197739355482
0.16840000000000002	2.9565465150389962	161.0467204674926
0.16860000000000003	2.966467283258462	161.24147524068678
0.1688	2.9764114442511382	161.43624172691372
0.169	2.9863790247154203	161.6310199399499
0.16920000000000002	2.996370051986322	161.82580989359226
0.16940000000000002	3.006384552014061	162.0206116015916
0.1696	3.0164225513853338	162.21542507771926
0.1698	3.026484076701445	162.41025033574664
0.17	3.0365691545783107	162.60508738944498
0.17020000000000002	3.046677812269539	162.79993625260767
0.17040000000000002	3.0568100756416356	162.9947969389785
0.1706	3.066965971198648	163.18966946232328
0.1708	3.0771455254592595	163.38455383640786
0.171	3.0873487649567983	163.57945007499805
0.17120000000000002	3.097575716863335	163.77435819188324
0.17140000000000002	3.107826406961559	163.9692782007998
0.1716	3.118100861672752	164.16421011550761
0.1718	3.128399107432863	164.3591539497667
0.17200000000000001	3.13872117069251	164.55410971733696
0.17220000000000002	3.149067078542099	164.7490774320034
0.17240000000000003	3.1594368566803905	164.94405710749456
0.1726	3.169830531445787	165.13904875756415
0.1728	3.1802481291913796	165.3340523959659
0.17300000000000001	3.1906896762849524	165.5290680364534
0.17320000000000002	3.201155199735117	165.72409569280688
0.17340000000000003	3.2116447251565967	165.91913537874686
0.1736	3.222158278804787	166.1141871080203
0.1738	3.2326958869497986	166.30925089437434
0.17400000000000002	3.24325757587646	166.50432675155594
0.17420000000000002	3.2538433725114544	166.69941469334015
0.17440000000000003	3.26445330238535	166.89451473343902
0.1746	3.275087391670408	167.08962688559254
0.1748	3.2857456665536353	167.28475116354085
0.17500000000000002	3.296428153236778	167.47988758102395
0.17520000000000002	3.3071348785644505	167.67503615181124
0.1754	3.3178658679829445	167.87019688960604
0.1756	3.3286211475812673	168.06536980814107
0.1758	3.3394007434631794	168.26055492114904
0.17600000000000002	3.3502046817472135	168.45575224236256
0.17620000000000002	3.3610329891957864	168.65096178554518
0.1764	3.371885691170782	168.84618356439108
0.1766	3.382762813677811	169.0414175926253
0.1768	3.393664382737261	169.2366638839728
0.17700000000000002	3.4045904243843195	169.43192245215863
0.17720000000000002	3.4155409652990576	169.6271933109399
0.1774	3.4265160307588176	169.8224764740014
0.1776	3.437515646685681	170.0177719550602
0.1778	3.4485398390165223	170.21307976783322
0.17800000000000002	3.459588633703034	170.40839992603742
0.17820000000000003	3.4706620573428077	170.60373244342324
0.1784	3.4817601351285026	170.7990773336658
0.1786	3.4928828928985225	170.99443461047375
0.17880000000000001	3.5040303565060866	171.1898042875557
0.17900000000000002	3.5152025518192525	171.38518637862023
0.17920000000000003	3.52639950535298	171.58058089741073
0.1794	3.537621242215098	171.7759878575923
0.1796	3.548867788160187	171.97140727286495
0.17980000000000002	3.560139168957657	172.16683915692855
0.18000000000000002	3.5714354103917803	172.36228352348303
0.18020000000000003	3.5827565388947358	172.55774038626433
0.1804	3.594102579489369	172.7532097589273
0.1806	3.6054735578462767	172.94869165516292
0.18080000000000002	3.6168694996509134	173.14418608866208
0.18100000000000002	3.628290430603601	173.33969307311565
0.18120000000000003	3.6397363770535898	173.5352126222519
0.1814	3.6512073639385743	173.73074474971503
0.1816	3.662703416845013	173.9262894691867
0.18180000000000002	3.674224561374235	174.12184679434853
0.18200000000000002	3.6857708231424584	174.31741673888206
0.1822	3.697342228415836	174.51299931650738
0.1824	3.7089388020467515	174.708594540858
0.1826	3.720560569537351	174.90420242560586
0.18280000000000002	3.7322075564046706	175.0998229844229
0.18300000000000002	3.743879788180656	175.2954562309811
0.1832	3.7555772910482013	175.49110217899212
0.1834	3.7673000897741913	175.68676084207831
0.1836	3.779048209776294	175.8824322339017
0.18380000000000002	3.7908216764870812	176.07811636812434
0.18400000000000002	3.802620515354043	176.2738132584082
0.1842	3.81444475247665	176.46952291845628
0.1844	3.8262944125361	176.66524536187944
0.18460000000000001	3.8381695208654025	176.86098060232956
0.18480000000000002	3.850070102812479	177.0567286534584
0.18500000000000003	3.8619961837401866	177.25248952891778
0.1852	3.873947789664393	177.44826324240154
0.1854	3.8859249451804194	177.644049807509
0.18560000000000001	3.8979276755364185	177.83984923788137
0.18580000000000002	3.90995600599548	178.03566154716
0.18600000000000003	3.922009961835635	178.23148674898619
0.1862	3.9340895689889654	178.42732485704437
0.1864	3.9461948519647083	178.62317588492192
0.18660000000000002	3.958325835925972	178.8190398462493
0.18680000000000002	3.970482546050809	179.014916754657
0.18700000000000003	3.9826650075322285	179.21080662377554
0.1872	3.99487324621834	179.40670946727968
0.1874	4.007107286532082	179.6026252987446
0.18760000000000002	4.019367153551313	179.7985541317897
0.18780000000000002	4.031652872368845	179.99449598003437
0.18800000000000003	4.043964468092458	180.19045085709803
0.1882	4.056301966486095	180.3864187766455
0.1884	4.068665391886169	180.5823997522395
0.18860000000000002	4.081054769285076	180.778393797488
0.18880000000000002	4.093470123690178	180.97440092599916
0.189	4.1059114801238055	181.17042115138094
0.1892	4.11837886426554	181.366454487288
0.1894	4.13087230036503	181.5625009472702
0.18960000000000002	4.143391813328991	181.75856054492405
0.18980000000000002	4.155937428079103	181.95463329384592
0.19	4.168509169552034	182.15071920763228
0.1902	4.181107063342781	182.34681829992715
0.1904	4.193731133613995	182.5429305842675
0.19060000000000002	4.206381405186475	182.7390560742379
0.19080000000000003	4.219057902895993	182.93519478342287
0.191	4.231760651593317	183.13134672540693
0.1912	4.244489676788647	183.32751191382332
0.19140000000000001	4.257245002557376	183.52369036219574
0.19160000000000002	4.270026653634149	183.71988208409667
0.19180000000000003	4.282834654768587	183.9160870930984
0.192	4.295669030725318	184.11230540277342
0.1922	4.308529806929517	184.30853702674375
0.19240000000000002	4.321417007369055	184.5047819785197
0.19260000000000002	4.334330656692169	184.70104027166127
0.19280000000000003	4.347270779562085	184.89731191972845
0.193	4.360237400657033	185.09359693628122
0.1932	4.3732305453169324	185.28989533493024
0.19340000000000002	4.386250237441855	185.4862071291722
0.19360000000000002	4.399296501593368	185.68253233255433
0.19380000000000003	4.41236936234804	185.87887095862402
0.194	4.42546884429744	186.07522302092858
0.1942	4.4385949982655175	186.271588533067
0.19440000000000002	4.451747816106944	186.467967508522
0.19460000000000002	4.464927315900692	186.66435996082805
0.19480000000000003	4.478133515738092	186.8607659035195
0.195	4.49136643372284	187.05718535013077
0.1952	4.504626107085753	187.2536183143795
0.19540000000000002	4.5179125300653755	187.4500648095711
0.19560000000000002	4.531225716021396	187.64652484919415
0.1958	4.544565678323907	187.84299844673723
0.196	4.55793243035342	188.039485615689
0.1962	4.571325876613108	188.23598636981433
0.19640000000000002	4.584746166594297	188.43250072225646
0.19660000000000002	4.598193340944781	188.62902868643494
0.1968	4.611667440334091	188.82557027576925
0.197	4.6251685054535265	189.022125503679
0.19720000000000001	4.63869664727476	189.21869438330432
0.19740000000000002	4.652251818722226	189.41527692841393
0.19760000000000003	4.66583404297893	189.61187315249728
0.1978	4.6794433432424345	189.80848306904372
0.198	4.693079742724883	190.00510669154264
0.19820000000000002	4.706743262884182	190.20174403355944
0.19840000000000002	4.720433929172397	190.3983951084885
0.19860000000000003	4.73415176528791	190.59505992980021
0.1988	4.747896794943913	190.79173851096493
0.199	4.761669041868424	190.98843086545307
0.19920000000000002	4.775468529175744	191.18513700679958
0.19940000000000002	4.789295281409169	191.38185694839413
0.19960000000000003	4.803149322498482	191.57859070369096
0.1998	4.817030676388402	191.77533828614432
0.2	4.83093936703861	191.97209970920846
0.20020000000000002	4.844875419083055	192.16887498639664
0.20040000000000002	4.858838855687366	192.36566413108935
0.20060000000000003	4.872829700691246	192.56246715672611
0.2008	4.8868479779493255	192.75928407674638
0.201	4.900893711331191	192.9561149045897
0.20120000000000002	4.914966925381841	193.15295965375546
0.20140000000000002	4.929067643175375	193.34981833760833
0.20160000000000003	4.943195888461095	193.54669096957278
0.2018	4.957351685003235	193.74357756307333
0.202	4.971535056580977	193.94047813153458
0.20220000000000002	4.985746027650071	194.13739268844182
0.20240000000000002	4.999984621192738	194.33432124714358
0.2026	5.014250860867566	194.5312638210492
0.2028	5.0285447703480655	194.72822042356802
0.203	5.042866373322685	194.9251910681094
0.20320000000000002	5.0572156941576285	195.12217576814433
0.20340000000000003	5.071592755742876	195.319174537005
0.2036	5.085997581645968	195.5161873880854
0.2038	5.100430195449353	195.71321433477942
0.20400000000000001	5.1148906207504075	195.91025539048098
0.20420000000000002	5.129378881825476	196.10731056864657
0.20440000000000003	5.143895001471933	196.30437988259186
0.2046	5.158439003165917	196.50146334569516
0.2048	5.17301091039847	196.69856097133479
0.20500000000000002	5.187610746675546	196.895672772889
0.20520000000000002	5.202238536183307	197.09279876379946
0.20540000000000003	5.216894301626138	197.28993895736522
0.2056	5.231578066388415	197.4870933669487
0.2058	5.246289853869408	197.68426200591233
0.20600000000000002	5.261029687483295	197.88144488761856
0.20620000000000002	5.275797591325716	198.07864202549405
0.20640000000000003	5.290593588007669	198.27585343282095
0.2066	5.305417700821389	198.47307912294553
0.2068	5.320269953074009	198.67031910921423
0.20700000000000002	5.335150368087551	198.86757340497343
0.20720000000000002	5.350058969866791	199.06484202363455
0.20740000000000003	5.364995780928917	199.2621249784626
0.2076	5.3799608244736525	199.4594222827876
0.2078	5.394954123715602	199.65673394993976
0.20800000000000002	5.409975701884239	199.85405999324908
0.20820000000000002	5.425025582893119	200.05140042611163
0.2084	5.440103789165197	200.24875526177502
0.2086	5.455210343807286	200.4461245135529
0.2088	5.470345269941053	200.64350819475882
0.20900000000000002	5.485508590703036	200.84090631870646
0.20920000000000002	5.500700329915193	201.03831889877614
0.2094	5.515920509905805	201.23574594819797
0.2096	5.53116915368836	201.4331874802689
0.20980000000000001	5.546446284291185	201.63064350828589
0.21000000000000002	5.561751924757454	201.82811404554573
0.21020000000000003	5.577086098817154	202.02559910541302
0.2104	5.592448828703433	202.2230987011001
0.2106	5.60784013733603	202.42061284588706
0.21080000000000002	5.623260047649497	202.61814155305385
0.21100000000000002	5.638708582593233	202.81568483588052
0.21120000000000003	5.654185765804845	203.01324270771548
0.2114	5.669691619421881	203.21081518175316
0.2116	5.68522616626989	203.4084022712566
0.21180000000000002	5.700789429189215	203.6060039894886
0.21200000000000002	5.716381431035026	203.80362034971213
0.21220000000000003	5.732002195352152	204.00125136525932
0.2124	5.7476517441820505	204.19889704930648
0.2126	5.763330100255626	204.39655741509932
0.21280000000000002	5.779037286318559	204.5942324758834
0.21300000000000002	5.794773325131338	204.79192224490433
0.21320000000000003	5.810538240145585	204.98962673547774
0.2134	5.8263320533061735	205.1873459607617
0.2136	5.842154787248889	205.38507993398431
0.21380000000000002	5.8580064646242835	205.58282866837374
0.21400000000000002	5.87388710809769	205.780592177158
0.21420000000000003	5.889796741027092	205.9783704736361
0.2144	5.9057353852602565	206.17616357094755
0.2146	5.921703063337373	206.3739714823028
0.21480000000000002	5.9376997978133765	206.57179422091227
0.21500000000000002	5.953725611257961	206.7696317999863
0.2152	5.969780526935018	206.96748423280695
0.2154	5.985864566594682	207.16535153249512
0.2156	6.001977752681043	207.3632337122433
0.21580000000000002	6.018120107652926	207.56113078524405
0.21600000000000003	6.034291653983884	207.75904276468978
0.2162	6.050492414843255	207.95696966384543
0.2164	6.066722411882986	208.15491149581305
0.21660000000000001	6.08298166745056	208.35286827376703
0.21680000000000002	6.099270203908169	208.5508400108818
0.21700000000000003	6.115588043632717	208.74882672033178
0.2172	6.131935209698506	208.94682841536448
0.2174	6.148311723658733	209.14484510906297
0.21760000000000002	6.164717607763743	209.34287681458332
0.21780000000000002	6.181152884278567	209.54092354508165
0.21800000000000003	6.197617575482926	209.7389853137141
0.2182	6.214111704355599	209.9370621337107
0.2184	6.230635292350444	210.13515401813524
0.21860000000000002	6.247188361620126	210.3332609801253
0.21880000000000002	6.263770934331977	210.53138303281855
0.21900000000000003	6.280383032667983	210.72952018935263
0.2192	6.297024679510889	210.92767246293985
0.2194	6.313695896214619	211.12583986662457
0.21960000000000002	6.3303967048336025	211.3240224135257
0.21980000000000002	6.347127127436897	211.52222011676224
0.22000000000000003	6.363887186108203	211.72043298945317
0.2202	6.380676903633707	211.91866104479288
0.2204	6.397496301266779	212.11690429580608
0.22060000000000002	6.4143454009630325	212.31516275559284
0.22080000000000002	6.431224224692685	212.5134364372533
0.22100000000000003	6.4481327944405615	212.71172535388754
0.2212	6.465071132895754	212.9100295186719
0.2214	6.482039261210448	213.10834894461124
0.22160000000000002	6.499037201240849	213.30668364478657
0.22180000000000002	6.516064974857737	213.505033632279
0.222	6.533122603946465	213.70339892016955
0.2222	6.550210111098484	213.90177952161628
0.22240000000000001	6.5673275173641406	214.10017544960402
0.22260000000000002	6.584474844499619	214.29858671719455
0.22280000000000003	6.601652114275654	214.49701333744974
0.223	6.618859348477517	214.69545532343133
0.2232	6.63609656959844	214.89391268827893
0.22340000000000002	6.653363798586268	215.0923854449572
0.22360000000000002	6.670661057096543	215.29087360650846
0.22380000000000003	6.687988366799313	215.48937718597512
0.224	6.705345749379149	215.68789619639952
0.2242	6.722733227230476	215.8864306509026
0.22440000000000002	6.740150821197948	216.08498056242863
0.22460000000000002	6.757598552835816	216.2835459440003
0.22480000000000003	6.775076443712815	216.48212680864046
0.225	6.792584515412154	216.68072316937176
0.2252	6.810122790228854	216.8793350392963
0.22540000000000002	6.827691288903669	217.07796243133774
0.22560000000000002	6.845290032888907	217.27660535849904
0.22580000000000003	6.862919043651314	217.47526383378317
0.226	6.880578342672082	217.67393787019301
0.2262	6.8982679521462025	217.87262748081162
0.22640000000000002	6.915987892709815	218.07133267854186
0.22660000000000002	6.933738185712602	218.27005347636677
0.22680000000000003	6.951518852518641	218.46878988726925
0.227	6.969329914506428	218.66754192423224
0.2272	6.98717139377029	218.86630960031948
0.22740000000000002	7.005043310841013	219.065092928413
0.22760000000000002	7.0229456869649445	219.26389192147556
0.22780000000000003	7.040878543402805	219.4627065924699
0.228	7.058841901429695	219.66153695435884
0.22820000000000001	7.076835783038617	219.86038302018662
0.22840000000000002	7.094860208654243	220.05924480281416
0.22860000000000003	7.112915199418882	220.25812231518387
0.2288	7.1310007764891745	220.4570155702381
0.229	7.14911696103611	220.6559245809193
0.22920000000000001	7.167263774950703	220.85484936025213
0.22940000000000002	7.185441238550722	221.05378992107615
0.22960000000000003	7.203649372873711	221.25274627631322
0.2298	7.221888198971498	221.45171843888517
0.23	7.240157737910218	221.65070642171386
0.23020000000000002	7.258458011478214	221.84971023780415
0.23040000000000002	7.276789039885559	222.04872989997412
0.23060000000000003	7.295150844064268	222.24776542112485
0.2308	7.31354344496061	222.44681681415747
0.231	7.331966863535116	222.6458840919731
0.23120000000000002	7.350421121472738	222.84496726755654
0.23140000000000002	7.368906238875046	223.04406635370427
0.23160000000000003	7.387422236567759	223.2431813632964
0.2318	7.405969135390809	223.4423123092131
0.232	7.4245469561983555	223.6414592043346
0.23220000000000002	7.443155720571243	223.84062206162554
0.23240000000000002	7.461795448501686	224.03980089386044
0.23260000000000003	7.480466160708331	224.23899571389842
0.2328	7.499167877923981	224.43820653459846
0.233	7.517900620895625	224.63743336881967
0.23320000000000002	7.536664411099256	224.8366762295063
0.23340000000000002	7.555459268416891	225.03593512941092
0.23360000000000003	7.574285213459279	225.2352100813712
0.2338	7.593142266851295	225.43450109822493
0.234	7.612030449231947	225.63380819280985
0.23420000000000002	7.630949781971621	225.83313137804973
0.23440000000000003	7.649900284841246	226.03247066667478
0.23460000000000003	7.668881978342863	226.2318260715013
0.2348	7.687894882992578	226.43119760534552
0.23500000000000001	7.706939019320596	226.6305852810237
0.23520000000000002	7.726014408590907	226.82998911143886
0.23540000000000003	7.74512107046247	227.02940910929883
0.2356	7.764259025327755	227.22884528739814
0.2358	7.783428293593267	227.42829765853142
0.23600000000000002	7.80262889567955	227.62776623549325
0.23620000000000002	7.821860852743403	227.82725103116567
0.23640000000000003	7.841124184330892	228.0267520582339
0.2366	7.860418910724062	228.22626932947065
0.2368	7.87974505221894	228.42580285764865
0.23700000000000002	7.899102629125546	228.6253526555406
0.23720000000000002	7.918491662492673	228.82491873600745
0.23740000000000003	7.937912171752555	229.0245011117116
0.2376	7.95736417707592	229.22409979540367
0.2378	7.976847698647441	229.4237147998344
0.23800000000000002	7.99636275666571	229.6233461377544
0.23820000000000002	8.015909372070679	229.8229938220033
0.23840000000000003	8.0354875641798	230.02265786522054
0.2386	8.055097353051583	230.22233828013447
0.2388	8.074738758758423	230.42203507947357
0.23900000000000002	8.094411801386606	230.62174827596624
0.23920000000000002	8.114116501766368	230.8214778824306
0.23940000000000003	8.133852879099408	231.0212239114829
0.2396	8.153620953331089	231.2209863758291
0.2398	8.173420744420605	231.4207652881752
0.24000000000000002	8.193252272340988	231.62056066122713
0.24020000000000002	8.213115557811905	231.8203725077814
0.24040000000000003	8.233010619918288	232.02020084043085
0.2406	8.25293747849141	232.2200456718588
0.24080000000000001	8.272896153376323	232.41990701474862
0.24100000000000002	8.292886664431862	232.61978488178366
0.24120000000000003	8.312909032266214	232.81967928573854
0.2414	8.332963275846533	233.0195902391825
0.2416	8.353049414889039	233.21951775477606
0.24180000000000001	8.373167469123677	233.41946184517982
0.24200000000000002	8.393317458294103	233.61942252305425
0.24220000000000003	8.413499402896118	233.81939980115195
0.2424	8.433713321778058	234.01939369201835
0.2426	8.453959234540102	234.21940420829102
0.24280000000000002	8.474237160796093	234.41943136260753
0.24300000000000002	8.494547120173529	234.6194751676053
0.24320000000000003	8.514889133054883	234.8195356360147
0.2434	8.535263218168613	235.01961278035725
0.2436	8.555669394997851	235.21970661324727
0.24380000000000002	8.576107683039327	235.41981714729909
0.24400000000000002	8.596578101803377	235.61994439512702
0.24420000000000003	8.617080671558185	235.82008836943896
0.2444	8.637615410911254	236.02024908273222
0.2446	8.658182339227638	236.2204265475978
0.24480000000000002	8.678781475885922	236.4206207766266
0.24500000000000002	8.699412840278248	236.6208317824095
0.24520000000000003	8.720076452557532	236.82105957763184
0.2454	8.740772331209223	237.02130417476656
0.2456	8.761500495479247	237.22156558638102
0.24580000000000002	8.782260964626998	237.42184382504254
0.24600000000000002	8.80305375792537	237.62213890331844
0.24620000000000003	8.823878895411024	237.82245083387124
0.2464	8.844736395446215	238.02277962914928
0.2466	8.865626277156673	238.22312530169617
0.24680000000000002	8.886548559681541	238.42348786405546
0.24700000000000003	8.907503262173382	238.62386732877064
0.24720000000000003	8.928490404551571	238.82426370848125
0.2474	8.949510005054048	239.02467701561088
0.24760000000000001	8.970562082685248	239.22510726267913
0.24780000000000002	8.991646656462956	239.42555446220553
0.24800000000000003	9.012763745418333	239.62601862670968
0.2482	9.03391336935242	239.82649976880782
0.2484	9.055095546377675	240.0269979008987
0.24860000000000002	9.076310295376125	240.2275130354776
0.24880000000000002	9.097557635243094	240.42804518504
0.24900000000000003	9.118837584887201	240.62859436208117
0.2492	9.14015016399011	240.82916057919408
0.2494	9.1614953905376	241.02974384875225
0.24960000000000002	9.182873283288163	241.2303441832266
0.24980000000000002	9.204283861013522	241.43096159508818
0.25	9.225727142498629	241.63159609680795
0.2502	9.247203147304687	241.83224770095526
0.2504	9.268711893289584	242.0329164198783
0.2506	9.290253399087115	242.2336022660233
0.25079999999999997	9.311827683344253	242.43430525183678
0.251	9.33343476472113	242.6350253897652
0.2512	9.355074662657366	242.83576269235402
0.2514	9.37674739488173	243.03651717192582
0.2516	9.398452979902169	243.23728884090218
0.25179999999999997	9.420191436239707	243.43807771170472
0.252	9.441962782428478	243.63888379675518
0.2522	9.463767037785402	243.839707108575
0.2524	9.485604219908893	244.04054765946103
0.2526	9.507474347179812	244.24140546180973
0.25279999999999997	9.529377437992062	244.44228052801785
0.253	9.551313510752575	244.6431728704821
0.2532	9.57328258465442	244.84408250169975
0.2534	9.595284677164372	245.04500943394163
0.2536	9.617319806535011	245.24595367957903
0.25379999999999997	9.63938799103189	245.4469152509835
0.254	9.661489248933503	245.6478941605265
0.2542	9.683623599307923	245.84889042068102
0.2544	9.705791059488977	246.04990404369158
0.2546	9.72799164759973	246.25093504190414
0.25479999999999997	9.750225381776133	246.4519834276648
0.255	9.77249228016701	246.65304921331966
0.2552	9.794792361714228	246.8541324113171
0.2554	9.817125643617366	247.05523303387523
0.2556	9.839492143868702	247.25635109331435
0.25579999999999997	9.861891880473332	247.457486601955
0.256	9.88432487144914	247.65863957211764
0.2562	9.906791135610586	247.8598100162259
0.2564	9.92929069002165	248.06099794647122
0.2566	9.951823552542555	248.26220337514812
0.2568	9.974389741046238	248.46342631455124
0.257	9.99698927341837	248.6646667769753
0.2572	10.019622168344753	248.86592477481892
0.2574	10.042288442752431	249.06720032024666
0.2576	10.064988114368244	249.268493425527
0.2578	10.087721200931682	249.46980410292858
0.258	10.110487720194875	249.67113236472002
0.2582	10.133287690713734	249.87247822327484
0.25839999999999996	10.156121129276958	250.07384169073038
0.2586	10.178988053476717	250.2752227793291
0.2588	10.201888480917694	250.4766215013132
0.259	10.224822429217168	250.67803786892512
0.2592	10.247789916799865	250.87947189451296
0.25939999999999996	10.270790960314761	251.08092359018679
0.2596	10.29382557721797	251.28239296816255
0.2598	10.31689378497805	251.48388004065603
0.26	10.339995601076062	251.68538481988318
0.2602	10.36313104380425	251.88690731816652
0.26039999999999996	10.386300129670444	252.08844754758857
0.2606	10.40950287599334	252.2900055203386
0.2608	10.432739300103991	252.4915812486057
0.261	10.456009419345873	252.69317474457918
0.2612	10.479313251877423	252.8947860205557
0.26139999999999997	10.502650814063884	253.09641508859005
0.2616	10.52602212308514	253.2980619608446
0.2618	10.549427196133346	253.4997266494815
0.262	10.572866050413	253.70140916666318
0.2622	10.59633870394739	253.90310952466032
0.26239999999999997	10.619845172957707	254.1048277354997
0.2626	10.643385474483605	254.30656381131652
0.2628	10.666959625576936	254.50831776424587
0.263	10.690567643301792	254.71008960642303
0.2632	10.714209545544954	254.91187935009245
0.26339999999999997	10.73788534838207	255.11368700725268
0.2636	10.761595068711136	255.31551259001156
0.2638	10.785338723442266	255.5173561104769
0.264	10.809116329497709	255.71921758075658
0.2642	10.832927904626347	255.92109701306865
0.26439999999999997	10.856773464756783	256.12299441938313
0.2646	10.880653026643902	256.32490981178034
0.2648	10.90456660705461	256.5268432023405
0.265	10.928514222767864	256.7287946031439
0.2652	10.952495891393243	256.930764026382
0.26539999999999997	10.976511628710766	257.13275148399606
0.2656	11.000561451330741	257.33475698803863
0.2658	11.024645375875389	257.5367805505621
0.266	11.048763418978888	257.73882218361905
0.2662	11.072915422958829	257.94088189937395
0.26639999999999997	11.097101622343	258.14295970973916
0.2666	11.121322077412827	258.3450556267393
0.2668	11.145576848485097	258.5471696623985
0.267	11.169865995912113	258.7493018287416
0.2672	11.194189386052106	258.9514521372514
0.26739999999999997	11.218547321819386	259.1536206006292
0.2676	11.242939912212924	259.3558072310347
0.2678	11.267367266293574	259.5580120406277
0.268	11.291829493184126	259.760235041568
0.2682	11.316327423239077	259.96247624475524
0.26839999999999997	11.340860264413404	260.1647356639243
0.2686	11.365427945602294	260.3670133115501
0.2688	11.390030395665697	260.5693092001073
0.269	11.414667543428354	260.7716233420708
0.2692	11.439339160951278	260.9739557513389
0.2694	11.464045372862138	261.176306438607
0.2696	11.488786147087886	261.3786754159941
0.2698	11.513561451541024	261.5810626956189
0.27	11.538371254119653	261.78346828960053
0.2702	11.563215283972193	261.9858922108891
0.2704	11.58809380733015	262.1883344705645
0.2706	11.613006851772251	262.39079508053766
0.2708	11.637954444895048	262.59327405271966
0.271	11.662936614312946	262.7957713990217
0.2712	11.68795343423505	262.9982871312992
0.2714	11.713004874101479	263.20082126153267
0.2716	11.738090949928093	263.4033738016471
0.2718	11.76321167774228	263.6059447635673
0.27199999999999996	11.788367073582998	263.8085341592184
0.2722	11.813557154348132	264.01114200063995
0.2724	11.838781935040736	264.2137682996135
0.2726	11.864041431522445	264.41641306803547
0.2728	11.889335659666305	264.61907631780207
0.27299999999999996	11.914664635356822	264.8217580608096
0.2732	11.940028375342147	265.02445830907004
0.2734	11.965426894464686	265.22717707433515
0.2736	11.990860208430098	265.4299143684723
0.2738	12.016328332955375	265.6326702033488
0.27399999999999997	12.041831283768856	265.8354445908322
0.2742	12.067369077467268	266.0382375429065
0.2744	12.092941728730567	266.24104907129316
0.2746	12.11854925310672	266.44387918783053
0.2748	12.144191666154917	266.64672790435685
0.27499999999999997	12.169868983445577	266.8495952327103
0.2752	12.19558172856611	267.0524811848469
0.2754	12.22132928222475	267.25538577245766
0.2756	12.247111532936783	267.45830900735155
0.2758	12.272928369158581	267.6612509013372
0.27599999999999997	12.298779679287586	267.86421146622365
0.2762	12.324665673790014	268.06719071577146
0.2764	12.350585838363624	268.2701886593496
0.2766	12.376539980640551	268.47320530827915
0.2768	12.402527908148752	268.67624067388084
0.27699999999999997	12.428549428311888	268.8792947674755
0.2772	12.454602109183536	269.0823676034794
0.2774	12.480688556518434	269.28545918934424
0.2776	12.506809137629844	269.4885695356172
0.2778	12.532964220036428	269.6916986528454
0.27799999999999997	12.55915417146249	269.8948465515758
0.2782	12.585380870426581	270.098013237389
0.2784	12.611642797195268	270.3011987270403
0.2786	12.637939942203046	270.5044030323185
0.2788	12.664272295881602	270.7076261650123
0.27899999999999997	12.690639848659881	270.9108681369105
0.2792	12.717042518877294	271.1141289602754
0.2794	12.7434803870481	271.31740864630376
0.2796	12.769953461626956	271.5207072066661
0.2798	12.796461751075627	271.72402465303264
0.27999999999999997	12.823005263863049	271.92736099707383
0.2802	12.84958398445345	272.1307162506719
0.2804	12.876197951339073	272.3340904252324
0.2806	12.902847179017446	272.5374835323728
0.2808	12.92953168199654	272.7408955837105
0.28099999999999997	12.956251474794826	272.9443265908629
0.2812	12.983006572811279	273.1477765655713
0.2814	13.009796989498073	273.3512455192983
0.2816	13.036622739187491	273.55473346363044
0.2818	13.063483836222158	273.75824041015414
0.282	13.090380294955086	273.96176637045596
0.2822	13.117312130624404	274.1653113562472
0.2824	13.14427935651065	274.3688753789582
0.2826	13.171281986779096	274.5724584501444
0.2828	13.198320035605237	274.7760605813609
0.283	13.225393517174826	274.9796817841631
0.2832	13.252502446563422	275.1833220702322
0.2834	13.279646836878083	275.38698145096595
0.2836	13.306826702115266	275.5906599378883
0.2838	13.334042056281552	275.7943575425231
0.284	13.361292913393626	275.998074276394
0.2842	13.38857928836271	276.2018101511519
0.2844	13.415901194120535	276.4055651781619
0.28459999999999996	13.443258644492932	276.6093393689161
0.2848	13.470651653315741	276.8131327349067
0.285	13.498080234434777	277.0169452876256
0.2852	13.525544402595113	277.22077703869303
0.2854	13.553044170551305	277.42462799944104
0.28559999999999997	13.580579551956712	277.6284981813297
0.2858	13.608150560474607	277.8323875958193
0.286	13.635757209778083	278.0362962543697
0.2862	13.663399514444277	278.2402241685702
0.2864	13.691077487048677	278.44417134971957
0.28659999999999997	13.718791141070337	278.6481378092456
0.2868	13.74654048999809	278.85212355857635
0.287	13.774325547330468	279.0561286091394
0.2872	13.80214632747485	279.26015297249296
0.2874	13.830002842825737	279.46419665990203
0.28759999999999997	13.857895106686025	279.668259682762
0.2878	13.885823132368238	279.8723420524684
0.288	13.91378693319447	280.0764437804163
0.2882	13.941786523400475	280.28056487813234
0.2884	13.969821915197903	280.4847053568478
0.28859999999999997	13.997893121711579	280.6888652279253
0.2888	14.02600015607582	280.8930445027273
0.289	14.054143031434426	281.09724319261636
0.2892	14.082321761849665	281.3014613090873
0.2894	14.110536359348378	281.5056988633373
0.28959999999999997	14.138786836875427	281.7099558666957
0.2898	14.167073207385059	281.91423233049215
0.29	14.195395483840825	282.118528266056
0.2902	14.223753680129636	282.32284368485017
0.2904	14.252147808091594	282.52717859803727
0.29059999999999997	14.280577880489695	282.73153301691343
0.2908	14.309043910096168	282.9359069527749
0.291	14.337545909692425	283.1403004169177
0.2912	14.366083892988112	283.34471342077245
0.2914	14.394657871634642	283.54914597546707
0.29159999999999997	14.423267858211215	283.7535980922641
0.2918	14.451913865306098	283.95806978242604
0.292	14.480595905516639	284.1625610572153
0.2922	14.509313992373286	284.36707192803016
0.2924	14.538068137336813	284.5716024059633
0.29259999999999997	14.566858352800676	284.77615250224346
0.2928	14.595684651167243	284.9807222280992
0.293	14.624547044847832	285.18531159475896
0.2932	14.653445547191792	285.3899206135883
0.2934	14.68238016946726	285.5945492956445
0.29359999999999997	14.711350923879987	285.79919765212225
0.2938	14.740357822644492	286.0038656942158
0.294	14.76940087798409	286.2085534331194
0.2942	14.798480103065055	286.4132608801655
0.2944	14.827595508960945	286.617988046376
0.2946	14.856747107687795	286.8227349429107
0.2948	14.885934911270327	287.02750158092965
0.295	14.915158931741878	287.23228797159254
0.2952	14.94441918208369	287.43709412619853
0.2954	14.973715673172709	287.6419200557334
0.2956	15.003048416833327	287.8467657713224
0.2958	15.032417424898435	288.05163128409066
0.296	15.06182270920942	288.25651660516314
0.2962	15.091264282560497	288.46142174580535
0.2964	15.120742155630028	288.6663467169669
0.2966	15.150256340048731	288.87129152973796
0.2968	15.17980684745568	289.0762561952085
0.297	15.209393689498308	289.28124072446843
0.2972	15.239016878781813	289.48624512874943
0.2974	15.268676425783946	289.6912694189645
0.2976	15.298372341939748	289.8963136061684
0.2978	15.328104638692476	290.1013777014158
0.298	15.357873327493596	290.30646171576126
0.29819999999999997	15.387678420757267	290.51156566040214
0.2984	15.41751992875863	290.7166895462148
0.2986	15.447397862735013	290.92183338421813
0.2988	15.477312233931842	291.1269971854312
0.299	15.507263053602577	291.33218096087285
0.29919999999999997	15.537250333968336	291.5373847217061
0.2994	15.567274085099598	291.74260847876997
0.2996	15.597334318033976	291.94785224304746
0.2998	15.627431043817023	292.1531160255217
0.3	15.657564273502171	292.35839983717545
0.30019999999999997	15.68773401911544	292.563703689137
0.3004	15.71794029052064	292.76902759220803
0.3006	15.748183098553607	292.9743715573351
0.3008	15.77846245405799	293.179735595465
0.301	15.808778367885164	293.3851197175444
0.30119999999999997	15.83913085186399	293.5905239346664
0.3014	15.869519915649558	293.7959482575949
0.3016	15.899945569873914	294.00139269723985
0.3018	15.930407825176731	294.2068572645115
0.302	15.960906692205281	294.4123419703199
0.30219999999999997	15.991442182589209	294.61784682572284
0.3024	16.022014305772846	294.823371841446
0.3026	16.05262307218239	295.0289170283625
0.3028	16.083268492251484	295.2344823973457
0.303	16.113950576421228	295.4400679592687
0.30319999999999997	16.14466933612	295.64567372515364
0.3034	16.175424780579302	295.8512997056877
0.3036	16.206216920017432	296.0569459117069
0.3038	16.23704576465997	296.26261235404735
0.304	16.267911324739767	296.4682990435449
0.30419999999999997	16.29881361148183	296.67400599118577
0.3044	16.32975263390283	296.87973320761836
0.3046	16.36072840201107	297.0854807036411
0.3048	16.39174092582199	297.29124849005257
0.305	16.422790215358123	297.4970365776511
0.30519999999999997	16.453876281639033	297.7028449773867
0.3054	16.484999133464502	297.90867369986864
0.3056	16.51615878063077	298.11452275585754
0.3058	16.547355232941065	298.320392156114
0.306	16.57858850020555	298.52628191139866
0.30619999999999997	16.609858593236222	298.7321920326249
0.3064	16.641165520613914	298.9381225303625
0.3066	16.672509291920743	299.1440734153338
0.3068	16.703889916745663	299.3500446982615
0.307	16.73530740468437	299.5560363898679
0.3072	16.766761766339183	299.76204850102954
0.3074	16.798253010069967	299.9680810422764
0.3076	16.82978114524264	300.17413402429247
0.3078	16.861346181229777	300.38020745776174
0.308	16.89294812741053	300.58630135336807
0.3082	16.92458699417545	300.7924157219508
0.3084	16.95626278966137	300.998550574
0.3086	16.98797552301592	301.20470592016045
0.3088	17.01972520339324	301.41088177107764
0.309	17.051511839953868	301.61707813739656
0.3092	17.083335442874432	301.823295029919
0.3094	17.115196020066698	302.0295324590944
0.3096	17.14709358045796	302.2357904355287
0.3098	17.179028132981813	302.4420689698281
0.31	17.210999686578095	302.6483680725983
0.3102	17.2430082512074	302.85468775460345
0.3104	17.275053834554413	303.0610280262522
0.3106	17.307136445323977	303.26738889811094
0.31079999999999997	17.339256092227064	303.4737703807462
0.311	17.37141278398077	303.68017248472466
0.3112	17.403606530327487	303.88659522077194
0.3114	17.43583733872278	304.09303859925564
0.3116	17.46810521764699	304.29950263070236
0.31179999999999997	17.500410175586396	304.50598732563884
0.312	17.532752221033235	304.7124926945919
0.3122	17.56513136350959	304.9190187482487
0.3124	17.59754761023989	305.12556549693534
0.3126	17.630000969477877	305.33213295113825
0.31279999999999997	17.662491449483085	305.53872112134405
0.313	17.695019058520792	305.7453300180394
0.3132	17.72758380589066	305.9519596518727
0.3134	17.760185698583943	306.1586100331281
0.3136	17.792824744625758	306.36528117225174
0.31379999999999997	17.82550095204678	306.57197307968954
0.314	17.8582143288833	306.7786857658878
0.3142	17.8909648842104	306.98541924145576
0.3144	17.923752624784164	307.19217351663536
0.3146	17.95657755839899	307.3989486018319
0.31479999999999997	17.989439692854656	307.60574450745054
0.315	18.022339035956346	307.81256124389665
0.3152	18.055275596552427	308.01939882174
0.3154	18.088249381161862	308.2262572511802
0.3156	18.121260397346255	308.4331365425811
0.31579999999999997	18.15430865267242	308.64003670630683
0.316	18.18739415471241	308.8469577527216
0.3162	18.220516912085756	309.0538996923554
0.3164	18.25367693107227	309.26086253536477
0.3166	18.28687421899873	309.4678462920722
0.31679999999999997	18.320108783196954	309.6748509728003
0.317	18.353380631003773	309.8818765878717
0.3172	18.386689770807745	310.0889231477763
0.3174	18.420036208647588	310.2959906626274
0.3176	18.45341995161322	310.5030791427056
0.31779999999999997	18.486841006799388	310.7101885982916
0.318	18.520299381305687	310.91731903966627
0.3182	18.55379508328756	311.1244704772789
0.3184	18.5873281185407	311.3316429211993
0.3186	18.620898493916105	311.5388363816658
0.3188	18.65450621626945	311.746050868917
0.319	18.68815129246102	311.9532863931913
0.3192	18.721833729355712	312.1605429647272
0.3194	18.755553533823086	312.36782059376316
0.3196	18.78931071273729	312.5751192905376
0.3198	18.82310527297713	312.78243906528905
0.32	18.85693722142603	312.98977992825604