4.00000001e-15	6.302945748716805e-26	4.351707029680875e-12
4.73000011e-15	6.302945614818121e-25	4.385181901361303e-12
4.7599999e-15	6.302945614818122e-24	4.407498337424682e-12
4.91000012e-15	6.302945960723054e-23	4.546975920553448e-12
6.99000006e-15	7.551104552555234e-22	6.471769917429146e-12
9.89999996e-15	8.736777248382057e-21	9.149743617496096e-12
2.71999999e-14	1.0609016168266013e-19	2.5161794911850037e-11
1.27e-13	3.632001829948672e-18	1.1827716915866996e-10
6.93000019e-13	1.185672907833073e-16	6.415978632001786e-10
6.29500011e-12	6.08078550546753e-15	5.824592948002679e-9
1.58099991e-11	3.1003124302611025e-14	1.4628431042178087e-8
3.97200016e-11	1.517072015175184e-13	3.6749608457933496e-8
9.97599989e-11	7.182883240348137e-13	9.22785101539835e-8
2.50600013e-10	3.286319950903816e-12	2.318678910957376e-7
6.29399977e-10	1.4465520754295918e-11	5.824592479357286e-7
1.581e-9	6.08770373800491e-11	1.4628431488507032e-6
3.97200006e-9	2.44063831733988e-10	3.6755189243472444e-6
4.99999997e-9	3.281968243695604e-10	4.626757397902255e-6
9.97599958e-9	8.955255713010489e-10	9.233429602767239e-6
1.98999999e-8	2.3919883842892214e-9	0.000018422227181432718
3.97199997e-8	6.278062742691364e-9	0.00003676076869002455
7.9240003e-8	1.6250836532024102e-8	0.00007336532325373801
1.58099994e-7	4.16625735326936e-8	0.00014639588819459942
1.98999999e-7	5.453023833965633e-8	0.00018433386074536936
3.15499989e-7	1.0165922706985048e-7	0.00029217806962731534
4.99999999e-7	1.8903147176969427e-7	0.00046312206427136807
6.29400006e-7	2.5767685114929705e-7	0.0005830171702744923
7.92399987e-7	3.1427137022985945e-7	0.0007342111002008481
9.97599955e-7	4.2810757754965417e-7	0.000924458816112475
1.58099999e-6	7.937960432939077e-7	0.0014650748047310871
2.5060001e-6	1.4703190805623745e-6	0.002323142055344789
3.97199983e-6	2.7221601762999334e-6	0.003682771814327159
4.99999987e-6	3.533363099754519e-6	0.0046373577214907395
6.29399983e-6	4.806516235215354e-6	0.005835750937290783
7.92399987e-6	6.540169783530463e-6	0.007353269471100201
9.976e-6	8.892769939745593e-6	0.00925574675295693
0.00001256	0.000012094398348582906	0.011660343673287213
0.0000158099992	0.000015620397121178308	0.014678642936844455
0.0000199000006	0.00002124302644498996	0.018483597411292123
0.0000250600006	0.000028880830841330063	0.02327605434054899
0.0000315500001	0.00003712564126311091	0.02931265286766347
0.0000397199983	0.00005047980272260657	0.03691698437848694
0.0000499999987	0.0000686465036822138	0.046485161459495654
0.000062940002	0.00009329613847355502	0.058524884735550106
0.0000792400024	0.00012686900357063158	0.07375585817897791
0.00009976	0.00016207320464182103	0.09283642021870118
0.000110499997	0.00018047310421780854	0.10287881834411962
0.000125599996	0.00020531130997545192	0.1169381856728409
0.000158099996	0.0002791452756081232	0.14728854831510826
0.000199000002	0.0003629546942646731	0.18550547199285877
0.0002	0.00036505919508775833	0.18644270976935903
0.0004	0.0007146178099494209	0.37558590721542673
0.0006000000000000001	0.0008293173005659671	0.5632936625677113
0.0008	0.0009869752250655684	0.7513548914948517
0.001	0.0011584672046891652	0.9394569703106278
0.0012000000000000001	0.00134350691720687	1.1275944205994866
0.0014000000000000002	0.0015414900399696697	1.3157635326975317
0.0016	0.0017515825069837209	1.5039616833901241
0.0018000000000000002	0.0019729917893027845	1.6921870175726395
0.002	0.002204923046905589	1.880437661682529
0.0022	0.0024465808798961905	2.068711751865209
0.0024000000000000002	0.0026971689091373876	2.2570074242660962
0.0026000000000000003	0.002956203328122781	2.4453229466188517
0.0028000000000000004	0.003227332045864488	2.6336595109644105
0.003	0.0035076631414285896	2.822016067090198
0.0032	0.0037968529009926354	3.0103919276803244
0.0034000000000000002	0.00409455726965736	3.198786405418899
0.0036000000000000003	0.0044004318639725756	3.387198812990032
0.0038000000000000004	0.004713710255297941	3.575627763861692
0.004	0.005034125615018766	3.7640727007147188
0.0042	0.005361923648492003	3.952533916030621
0.0044	0.0056969238657825156	4.141010995790817
0.0046	0.006038945622324116	4.3295035259767225
0.0048	0.006387808122878591	4.518011092569754
0.005	0.006743060054949834	4.70653267551074
0.0052	0.007104822563186361	4.895068538449435
0.0054	0.007472994416882608	5.083618446558938
0.0056	0.00784745239288151	5.272182115916607
0.0058	0.008228073176093661	5.460759262599806
0.006	0.008614669515596545	5.649349465794075
0.0062	0.009007081343416616	5.83795236323946
0.0064	0.009405332337143052	6.026567986748692
0.0066	0.009809333382201506	6.215196126388548
0.0068	0.010218995302845266	6.403836572225815
0.007	0.01063422886314519	6.592489114327275
0.0072	0.01105486185208012	6.781153353731303
0.0074	0.011480881468307542	6.969829255086445
0.0076	0.011912241640573909	7.158516707237482
0.0078	0.012348873637703846	7.34721554746151
0.008	0.012790708685379891	7.535925613035626
0.0082	0.01323766081148725	7.724646706278278
0.008400000000000001	0.013689618503938527	7.913378577575388
0.008600000000000002	0.01414659160942726	8.10212122467881
0.0088	0.014608526897805157	8.290874516850991
0.009000000000000001	0.01507537110710161	8.479638323354385
0.009200000000000002	0.01554707094389163	8.668412513451432
0.0094	0.016023539747749237	8.857196882227012
0.009600000000000001	0.016504743618889137	9.045991342259198
0.009800000000000001	0.016990659861035724	9.23479583109265
0.01	0.017481245454198175	9.423610241096966
0.0102	0.017957950431561204	9.612413965185354
0.010400000000000001	0.018439167791931783	9.801226816296227
0.010600000000000002	0.018924864468302022	9.990048720233457
0.0108	0.019415006872951956	10.178879602800915
0.011000000000000001	0.019909561401530454	10.36771938980248
0.011200000000000002	0.02040849443318693	10.556568007042019
0.0114	0.0209117723307032	10.745425380323406
0.011600000000000001	0.021419361440625357	10.934291435450515
0.011800000000000001	0.02193122809339566	11.12316609822722
0.012	0.022447338603484485	11.312049294457388
0.0122	0.022967635811917245	11.500940914645486
0.012400000000000001	0.023492115319545332	11.689840928719649
0.012600000000000002	0.024020749261058256	11.878749271308605
0.0128	0.024553509757981755	12.067665877041078
0.013000000000000001	0.025090368918774086	12.256590680545795
0.013200000000000002	0.025631283232440034	12.445523587061665
0.0134	0.026176244286862906	12.634464567954684
0.013600000000000001	0.026725228055537894	12.823413565201035
0.013800000000000002	0.027278210500864417	13.012370520776898
0.014000000000000002	0.027835167574219825	13.201335376658454
0.0142	0.02839619868630305	13.390308050285812
0.014400000000000001	0.02896112544131641	13.57928851430524
0.014600000000000002	0.029529892881466707	13.76827671682694
0.0148	0.03010244603120565	13.957272605961101
0.015000000000000001	0.0306787298973799	14.14627612981793
0.015200000000000002	0.031258651481594416	14.335287224306493
0.0154	0.03184220323629487	14.524305852788395
0.015600000000000001	0.032429339616510636	14.71333196642412
0.0158	0.03302001506271936	14.902365516374145
0.016	0.033614184000963984	15.091406453798948
0.0162	0.03421168889504012	15.28045471759551
0.016399999999999998	0.03481262406567082	15.469510274253688
0.0166	0.03541697189170595	15.658573077999835
0.0168	0.03602471474461797	15.8476430830603
0.017	0.03663583498854456	16.036720243661442
0.0172	0.037250304083686125	16.225804497603193
0.0174	0.03786811799887742	16.41489581964493
0.0176	0.038489261801795654	16.60399416811962
0.0178	0.03911372055383541	16.793099501360214
0.018	0.03974147931014156	16.98221177769967
0.0182	0.04037251530703976	17.171330941071894
0.0184	0.04100682335185551	17.360456967808663
0.0186	0.04164439043517423	17.54958981984271
0.0188	0.04228520354212299	17.738729459106764
0.019	0.042929249652396556	17.92787584753355
0.0192	0.04357650710509413	18.11702893443184
0.0194	0.04422697366194424	18.306188697514305
0.0196	0.04488063844613784	18.495355101869652
0.019799999999999998	0.04553749057619675	18.684528112586598
0.02	0.046197519165993635	18.87370769475386
0.0202	0.046860712439374515	19.062893802233262
0.0204	0.04752706060732	19.25208641414713
0.0206	0.04819655299151323	19.44128549839089
0.0208	0.04886917890929495	19.63049102285999
0.021	0.04954492767368153	19.819702955449856
0.0212	0.05022378136039694	20.00892125432383
0.0214	0.05090573831418561	20.19814589954247
0.0216	0.05159078964409973	20.387376861434237
0.0218	0.05227892645545396	20.576614110327586
0.022	0.05297013984983939	20.765857616550974
0.0222	0.05366441699612559	20.95510734165923
0.0224	0.05436175389918218	21.144363266947853
0.0226	0.05506214263218326	21.333625364938715
0.0228	0.055765575264963806	21.522893608153694
0.023	0.056472043864031145	21.71216796911465
0.0232	0.05718153372886581	21.90144841250577
0.0234	0.05789404537320966	22.09073492064603
0.0236	0.058609572545146066	22.280027468016726
0.023799999999999998	0.059328108989920234	22.46932602909915
0.024	0.06004964844994762	22.65863057837459
0.0242	0.060774194122898056	22.847941083159114
0.0244	0.06150172792354325	23.037257526890546
0.0246	0.062232241220921795	23.22657988584148
0.0248	0.0629657253809456	23.41590813628453
0.025	0.06370217176641056	23.605242254492282
0.0252	0.06444161831933598	23.79458221076492
0.0254	0.0651839981720084	23.983927988840566
0.0256	0.06592929102977647	24.173279566484933
0.0258	0.06667747659287658	24.362636921463718
0.026	0.06742853455645649	24.552000031542626
0.0262	0.0681823919673467	24.741368870906793
0.0264	0.06893909431039477	24.93074342179764
0.0266	0.06969863442949266	25.12012366287601
0.0268	0.07046100516595051	25.309509572802767
0.027	0.07122619935850462	25.498901130238746
0.0272	0.07199420189172412	25.68829830877057
0.0274	0.07276501553797714	25.877701093401882
0.0276	0.07353863511676278	26.06710946406208
0.027800000000000002	0.07431505544546183	26.256523400680585
0.028	0.07509427133934206	26.44594288318679
0.0282	0.0758762747400091	26.635367886688243
0.0284	0.07666106404762449	26.824798397141688
0.0286	0.07744863478928314	27.014234395681996
0.0288	0.07823898249018237	27.20367586344405
0.029	0.07903210267362619	27.393122781562724
0.0292	0.079827993626912	27.58257512673883
0.0294	0.0806266474123149	27.772032885649825
0.0296	0.08142805885594624	27.9614960405391
0.0298	0.0822322227819873	28.150964573650043
0.03	0.08303913401269421	28.340438467226043
0.0302	0.08384878029796083	28.529917699595998
0.0304	0.08466116529364145	28.719402257896416
0.0306	0.08547628558429958	28.908892125349322
0.0308	0.0862941377529439	29.098387285176738
0.031	0.0871147183810312	29.28788772060067
0.0312	0.08793802063566361	29.47739341107577
0.031400000000000004	0.08876404536087074	29.66690434453328
0.0316	0.08959278998691782	29.85642050513704
0.0318	0.090424251942724	30.045941877050925
0.032	0.09125842865586431	30.23546844443879
0.0322	0.0920953180538595	30.425000187937083
0.0324	0.09293491693494324	30.614537096118934
0.0326	0.09377722259738591	30.80407915403006
0.0328	0.09462223233815133	30.99362634671618
0.033	0.09546994345289898	31.183178659223
0.0332	0.096320355198053	31.37273607339559
0.0334	0.0971734624141478	31.562298578280476
0.0336	0.09802926190238305	31.75186615972354
0.033800000000000004	0.09888775046262856	31.94143880357067
0.034	0.09974892489342665	32.13101649566772
0.0342	0.1006127738862573	32.32059921899109
0.0344	0.10147930436855435	32.51018696297353
0.0346	0.10234851516178012	32.69977971417828
0.0348	0.10322040508643879	32.8893774591686
0.035	0.10409497296207718	33.078980184507756
0.0352	0.10497221916898097	33.268587873904096
0.0354	0.10585214057270374	33.45820051748949
0.0356	0.10673473559947423	33.64781810254091
0.0358	0.10762000267454579	33.837440616335336
0.036	0.10850794022219756	34.02706804614974
0.0362	0.10939855137151265	34.216700376680436
0.0364	0.11029182866285996	34.40633759843021
0.0366	0.11118776934097449	34.59597969932125
0.0368	0.11208637064947562	34.78562666727567
0.037	0.11298762983086905	34.97527849021563
0.037200000000000004	0.11389152378403894	35.164935153810724
0.0374	0.11479807517599173	35.35459664879878
0.0376	0.11570728633254279	35.5442629636651
0.0378	0.11661915957920464	35.733934086894955
0.038	0.11753369724118559	35.92361000697364
0.0382	0.11845091717961759	36.11329070978594
0.038400000000000004	0.11937080229977405	36.30297618706778
0.0386	0.12029335104119512	36.492666427954546
0.0388	0.1212185618425638	36.68236142158167
0.039	0.12214643314170688	36.87206115708456
0.0392	0.12307696624670451	37.06176562158185
0.0394	0.12401015600492697	37.25147480672992
0.0396	0.12494600013376107	37.4411887021684
0.0398	0.1258844963496618	37.63090729753688
0.04	0.12682564236815394	37.820630582474976
0.0402	0.1277694135704306	38.010358544823546
0.0404	0.12871583558542707	38.200091176470636
0.040600000000000004	0.129664911710299	38.38982846750556
0.0408	0.1306166452421215	38.579570408017595
0.041	0.13157103947788767	38.76931698809605
0.0412	0.13252811302242534	38.95906819562847
0.0414	0.13348785003858615	39.148824023456335
0.0416	0.13445024999546512	39.338584462219394
0.041800000000000004	0.1354153123615425	39.52834950255739
0.042	0.13638303660468412	39.71811913511005
0.0422	0.1373534187167	39.90789334882512
0.0424	0.13832646250826955	40.09767213645733
0.0426	0.13930216831446393	40.287455489069416
0.0428	0.14028053646988928	40.47724339772413
0.043000000000000003	0.14126156730868664	40.66703585348421
0.0432	0.14224524650263648	40.856832845757005
0.0434	0.1432315927113601	41.04663436767447
0.0436	0.14422060993376218	41.23644041071321
0.0438	0.14521230216882713	41.426250966349784
0.044	0.1462066734156174	41.61606602606078
0.0442	0.14720374683972948	41.80588557945205
0.0444	0.1482035024834487	41.995709620338594
0.0446	0.14920593955362807	42.18553814066467
0.0448	0.150211057256541	42.37537113237456
0.045	0.1512188547978813	42.56520858741251
0.045200000000000004	0.15222932724764715	42.755050496390844
0.0454	0.1532424789789847	42.94489685291877
0.0456	0.15425831022983635	43.13474764927355
0.0458	0.15527682123772982	43.32460287773245
0.046	0.1562980122397779	43.51446253057274
0.0462	0.157321853234145	43.704326598736955
0.046400000000000004	0.15834838225340533	43.89419507617076
0.0466	0.15937760709440224	44.08406795548509
0.0468	0.16040953555463178	44.27394522929089
0.047	0.16144417543223974	44.4638268901991
0.0472	0.1624815849957564	44.65371292893937
0.0474	0.16352170896045073	44.84360334047426
0.0476	0.16456454250681596	45.03349811788505
0.0478	0.16561008081427256	45.22339725425299
0.048	0.1666583190611707	45.413300742659345
0.0482	0.1677091914490274	45.60320857544932
0.0484	0.16876276937008755	45.79312074662428
0.048600000000000004	0.16981906324606968	45.9830372494495
0.0488	0.17087808349972095	46.172958077190266
0.049	0.1719398405548134	46.36288322311186
0.0492	0.17300440254911495	46.5528126785682
0.0494	0.17407170777060538	46.74274643921378
0.0496	0.17514175221544398	46.932684498791744
0.049800000000000004	0.17621453187887218	47.12262685104521
0.05	0.17729004275521515	47.3125734897173
0.0502	0.17836824205841076	47.50252440788378
0.0504	0.17944917425298912	47.692479600122
0.0506	0.18053284502705275	47.882439060341916
0.0508	0.18161926006910703	48.07240278245351
0.051000000000000004	0.18270842506805846	48.26237076036675
0.0512	0.1838003380528989	48.452342986617104
0.0514	0.1848950142882409	48.64231945683267
0.0516	0.18599246137960807	48.83230016526705
0.0518	0.18709268693319375	49.02228510617385
0.052000000000000005	0.18819569855585866	49.21227427380665
0.0522	0.18930154631131704	49.40226766097762
0.0524	0.19041018473995924	49.592265263742156
0.0526	0.19152161083484545	49.78226707671421
0.0528	0.19263582158830653	49.97227309450774
0.053	0.19375281399194483	50.162283311736694
0.053200000000000004	0.1948725286500021	50.3522977224399
0.0534	0.19599503303264051	50.54231632195023
0.0536	0.19712033822828456	50.732339105025424
0.0538	0.1982484553265012	50.92236606642323
0.054	0.1993793954179968	51.112397200901384
0.0542	0.20051322029470117	51.30243250164861
0.054400000000000004	0.2016498776773573	51.492471965383935
0.0546	0.20278936598299388	51.68251558725734
0.0548	0.20393168362812925	51.87256336241884
0.055	0.20507682902877122	52.062615286018406
0.0552	0.20622477124310276	52.252671352626315
0.055400000000000005	0.20737554538106384	52.44273155811724
0.055600000000000004	0.20852915719767384	52.63279589778611
0.0558	0.2096856124484085	52.82286436692787
0.056	0.21084491688919854	53.01293696083744
0.0562	0.21200709788508562	53.20301367374553
0.0564	0.2131721341832856	53.39309450227737
0.056600000000000004	0.2143400261380631	53.58317944199397
0.0568	0.21551077410344788	53.77326848845632
0.057	0.216684378433235	53.96336163722542
0.0572	0.21786082729849449	54.15345888322558
0.0574	0.21904013627995897	54.34356022281366
0.0576	0.22022230877684534	54.53366565170983
0.057800000000000004	0.22140734818853727	54.72377516563428
0.058	0.22259525791458454	54.91388876030715
0.0582	0.22378598258940738	55.10400643063785
0.0584	0.22497959906617931	55.29412817336003
0.0586	0.22617612543864582	55.484253984396545
0.058800000000000005	0.22737557980261155	55.67438385967028
0.059000000000000004	0.22857798025593665	55.86451779510408
0.0592	0.22978342052949083	56.054655784870825
0.0594	0.23099182419072112	56.24479782708087
0.0596	0.23220319043290055	56.4349439180946
0.0598	0.23341751844895717	56.62509405427239
0.060000000000000005	0.2346348074314742	56.815248231974586
0.060200000000000004	0.23585507844148373	57.00540644713716
0.0604	0.23707830333609461	57.19556869665099
0.0606	0.2383044758387957	57.38573497698253
0.0608	0.23953358967204358	57.57590528459828
0.061	0.24076563855726363	57.76607961596468
0.061200000000000004	0.2420005614367738	57.95625796749729
0.0614	0.24323842049949926	58.14644033572622
0.0616	0.24447922316047074	58.33662671713069
0.0618	0.24572297683542507	58.52681710818991
0.062	0.24696968894080398	58.71701150538307
0.0622	0.248219351225173	58.90720990427146
0.062400000000000004	0.24947199069121528	59.09741230248169
0.0626	0.2507276186752602	59.28761869672244
0.06280000000000001	0.2519862465148446	59.477829083702396
0.06300000000000001	0.2532478855487102	59.66804346013024
0.0632	0.2545124580656186	59.858261821594645
0.06340000000000001	0.2557800867157711	60.048484166204325
0.0636	0.2570508051078308	60.238710490947945
0.06380000000000001	0.2583246468544691	60.42894079281422
0.06400000000000002	0.25960164557236015	60.61917506879181
0.06420000000000001	0.2608822746360907	60.80941331343032
0.06440000000000001	0.26216601800194267	60.99965552676731
0.0646	0.26345279934292737	61.18990170640123
0.06480000000000001	0.26474254232233835	61.38015184993056
0.065	0.2660351705937599	61.570405954953735
0.06520000000000001	0.26732990584806754	61.760664023404615
0.06540000000000001	0.2686275491225119	61.95092604746244
0.0656	0.2699281995571686	62.1411920236418
0.06580000000000001	0.27123195630423586	62.33146194845736
0.066	0.27253891852801554	62.52173581842369
0.06620000000000001	0.2738497143833679	62.71201362371977
0.06640000000000001	0.27516378186421675	62.9022953687798
0.0666	0.2764810879060428	63.09258105170231
0.06680000000000001	0.2778015994400738	63.282870670585886
0.067	0.2791252833932872	63.473164223529025
0.06720000000000001	0.2804521477039933	63.66346171035183
0.06740000000000002	0.2817821080234754	63.85376312700093
0.06760000000000001	0.2831151210104606	64.04406847114447
0.06780000000000001	0.28445114331814336	64.23437774045064
0.068	0.28579013159419	64.42469093258757
0.06820000000000001	0.2871313932458024	64.61500804746596
0.0684	0.2884756964182602	64.80532907995081
0.06860000000000001	0.2898231600764479	64.9956540271497
0.06880000000000001	0.2911739031997244	65.18598288617014
0.069	0.29252804478190625	65.37631565411965
0.06920000000000001	0.2938867123524234	65.56665232097643
0.0694	0.29524876433656533	65.75699289275971
0.06960000000000001	0.29661406760247927	65.9473373683594
0.06980000000000001	0.29798248900183394	66.13768574666537
0.07	0.29935389536982654	66.3280380265675
0.07020000000000001	0.30072733456847683	66.51839421433192
0.0704	0.30210369705211004	66.7087542996282
0.07060000000000001	0.3034830543770593	66.8991182795022
0.07080000000000002	0.30486547810824116	67.08948615099973
0.07100000000000001	0.30625103981914575	67.2798579111666
0.07120000000000001	0.3076397572492363	67.4702335527446
0.0714	0.3090317692893437	67.66061307815961
0.07160000000000001	0.31042716100141177	67.85099648553351
0.0718	0.3118260174576395	68.04138377298811
0.07200000000000001	0.3132284237404744	68.23177493864527
0.07220000000000001	0.31463506921573114	68.42216997575953
0.0724	0.31604528367704454	68.61256888853684
0.07260000000000001	0.3174590011463237	68.80297167631592
0.0728	0.31887615563735083	68.99337833843539
0.07300000000000001	0.32029668115578425	69.18378887423397
0.07320000000000002	0.3217204103364336	69.37420328654564
0.0734	0.32314740386681123	69.5646215703399
0.07360000000000001	0.3245776210726859	69.75504372408162
0.0738	0.32601102127474424	69.94546974623559
0.07400000000000001	0.32744756378859535	70.13589963526671
0.07420000000000002	0.32888668489313044	70.3263333916456
0.07440000000000001	0.33032899765556384	70.51677101132984
0.07460000000000001	0.3317745921540634	70.70721249228282
0.0748	0.3332235584775985	70.89765783246793
0.07500000000000001	0.33467598672593096	71.08810702984854
0.0752	0.3361322368641994	71.27856007743215
0.07540000000000001	0.3375920617096541	71.46901697937703
0.07560000000000001	0.339055483920603	71.65947773488554
0.0758	0.34052252615802364	71.84994234316002
0.07600000000000001	0.3419932110855634	72.04041080340286
0.0762	0.3434678557922695	72.23088311355636
0.07640000000000001	0.3449461149342925	72.42135927439794
0.07660000000000002	0.3464279375664669	72.61183928544501
0.07680000000000001	0.3479132727373912	72.80232314621493
0.07700000000000001	0.34940206948942876	72.99281085622508
0.0772	0.3510188352493343	73.18330241755623
0.07740000000000001	0.3526078276630679	73.37379782652154
0.07760000000000002	0.35413785143792964	73.56429708199751
0.07780000000000001	0.3555777075033837	73.75480018286069
0.07800000000000001	0.3568961930127074	73.9453071279876
0.0782	0.35782531852775057	74.13581949584054
0.07840000000000001	0.35862983803502785	74.32633531081385
0.0786	0.35933774364047	74.51685417688759
0.07880000000000001	0.35997703094384187	74.70737569804189
0.07900000000000001	0.3605756984568271	74.89789947825683
0.0792	0.36115729656830725	75.08842368221781
0.07940000000000001	0.3617553904334802	75.27894971302328
0.0796	0.36239909635696116	75.46947753447702
0.07980000000000001	0.36311753225058013	75.6600071103828
0.08000000000000002	0.36393981757810373	75.85053840454435
0.08020000000000001	0.3650653022869815	76.04106993927715
0.08040000000000001	0.3663103249119168	76.23160348024535
0.0806	0.36766145044225346	76.4221393516248
0.08080000000000001	0.3691052436029794	76.61267787759137
0.08100000000000002	0.3706282686260222	76.80321938232088
0.08120000000000001	0.37221220589346454	76.99376487702881
0.08140000000000001	0.37384972193005234	77.18431382709149
0.0816	0.3755285987540569	77.3748663849248
0.08180000000000001	0.37723661712757306	77.5654227029447
0.082	0.3789615564586907	77.75598293356713
0.08220000000000001	0.3806422828123353	77.9465478327918
0.08240000000000001	0.3823277096432304	78.1371167985549
0.0826	0.3840178416163202	78.32768983237642
0.08280000000000001	0.38571268339726233	78.5182669357764
0.083	0.3874122396524269	78.70884811027476
0.08320000000000001	0.38911651419315885	78.89943335731414
0.08340000000000002	0.3908255127568795	79.09002267851127
0.08360000000000001	0.39253924022607234	79.28061607540548
0.08380000000000001	0.3942577014839662	79.47121354953613
0.084	0.39598090141453357	79.66181510244256
0.08420000000000001	0.39770882773049837	79.8524207355792
0.08440000000000002	0.399441506781347	80.04303045059154
0.08460000000000001	0.40117894774697854	80.23364424904015
0.08480000000000001	0.40292115980859255	80.42426213248561
0.085	0.40466815214868973	80.61488410248847
0.08520000000000001	0.40641993191334896	80.80551016032749
0.0854	0.4081765108347037	80.99614030791551
0.08560000000000001	0.4099378986086849	81.18677454688363
0.08580000000000002	0.41170410493260035	81.37741287886286
0.08600000000000001	0.41347513950513537	81.56805530548421
0.08620000000000001	0.4152509744126684	81.7587018280829
0.0864	0.4170316663716162	81.94935244865978
0.08660000000000001	0.41881723448975	82.14000716891987
0.08680000000000002	0.4206076978774435	82.33066599056816
0.08700000000000001	0.4224030756476751	82.52132891530967
0.08720000000000001	0.42420345759266126	82.71199594413577
0.0874	0.4260087744887704	82.90266707964349
0.08760000000000001	0.42781902778481845	83.0933423237163
0.0878	0.4296342189299653	83.28402167823758
0.08800000000000001	0.43145434937371585	83.47470514509078
0.08820000000000001	0.43327941363721445	83.66539272626349
0.0884	0.43510942183114826	83.85608442350889
0.08860000000000001	0.43694437713850987	84.04678023868439
0.0888	0.4387842827428583	84.23748017364734
0.08900000000000001	0.4406291418283206	84.42818423025516
0.08920000000000002	0.44247890502510634	84.61889241038881
0.08940000000000001	0.4443336412085999	84.80960471587615
0.08960000000000001	0.446193366705383	85.00032114856869
0.0898	0.4480580978443116	85.19104171031786
0.09000000000000001	0.44992785095651944	85.38176640297519
0.09020000000000002	0.45180263110457636	85.57249522783715
0.09040000000000001	0.45368246871205964	85.76322818744893
0.09060000000000001	0.4555673829351295	85.95396528380077
0.0908	0.4574573929326112	86.1447065188829
0.09100000000000001	0.45935251786599696	86.33545189468553
0.0912	0.4612528148798618	86.52620141253897
0.09140000000000001	0.4631582556676578	86.71695507525834
0.09160000000000001	0.46506884990226327	86.90771288499886
0.0918	0.46698460725801016	87.09847484391571
0.09200000000000001	0.46890553741068586	87.28924095416413
0.0922	0.4708316471536831	87.48001121766859
0.09240000000000001	0.47276294977033934	87.6707856368727
0.09260000000000002	0.47469945566190114	87.86156421398933
0.09280000000000001	0.47664117523117494	88.05234695123136
0.09300000000000001	0.47858811888252867	88.24313385081167
0.0932	0.48054029312578395	88.43392491468882
0.09340000000000001	0.4824977132383355	88.62472014539361
0.09360000000000002	0.48446039060343754	88.81551954520252
0.09380000000000001	0.48642833660604506	89.00632311639198
0.09400000000000001	0.4884015626328158	89.19713086123849
0.0942	0.4903800574619392	89.38794278173084
0.09440000000000001	0.49236386074488353	89.5787588805051
0.0946	0.4943529895269022	89.76957915990963
0.09480000000000001	0.49634746085570897	89.96040362229283
0.09500000000000001	0.4983472917814786	90.15123227000308
0.0952	0.5003525184910194	90.34206510487412
0.09540000000000001	0.5023631341228029	90.53290212989765
0.0956	0.504379150950091	90.72374334755068
0.09580000000000001	0.5064005812479994	90.91458876031027
0.09600000000000002	0.508427437293499	91.10543837065345
0.09620000000000001	0.510504867292484	91.29629218075534
0.09640000000000001	0.5125764662257999	91.4871501934704
0.0966	0.5146309605319358	91.6780124113511
0.09680000000000001	0.5166570751581633	91.86887883694999
0.09700000000000002	0.5186435335589467	92.05974947281956
0.09720000000000001	0.5205111328153548	92.25062478192713
0.09740000000000001	0.5223334953731085	92.44150419130672
0.0976	0.524116324384859	92.63238758840713
0.09780000000000001	0.5258653238119029	92.82327486067719
0.098	0.5275861983905697	93.01416589556571
0.09820000000000001	0.5292740862423322	93.20506034096748
0.09840000000000002	0.5309479022559364	93.39595838377384
0.09860000000000001	0.532615995473195	93.58685997132213
0.09880000000000001	0.5342867158725839	93.7777650509497
0.099	0.535968414346247	93.96867356999384
0.09920000000000001	0.5376691041738694	94.15958513758252
0.09940000000000002	0.539397561020416	94.35050012381481
0.09960000000000001	0.5411622230588754	94.54141856058037
0.09980000000000001	0.5429715294012908	94.73234047976888
0.1	0.5448339201128949	94.92326591327
0.10020000000000001	0.5467991238225018	95.11419456127543
0.10040000000000002	0.5488239749017295	95.30512687029734
0.10060000000000001	0.5509065931580144	95.49606295514992
0.10080000000000001	0.5530450983140623	95.68700293064737
0.101	0.5552376099965091	95.87794691160383
0.10120000000000001	0.5575105384416829	96.06889509557627
0.1014	0.5598266413300407	96.25984749395042
0.10160000000000001	0.5621769640815856	96.45080420085479
0.10180000000000002	0.5645525509709365	96.64176531041788
0.10200000000000001	0.5669444450831005	96.83273091676818
0.10220000000000001	0.5693077899661947	97.0237014691455
0.1024	0.5716784967837836	97.2146766177892
0.10260000000000001	0.5740565809614788	97.40565636804999
0.10280000000000002	0.5764420579278692	97.59664072527855
0.10300000000000001	0.5788349431145253	97.78762969482555
0.10320000000000001	0.5812352523109833	97.9786232818599
0.1034	0.583643000511076	98.1696214919595
0.10360000000000001	0.5860582030665927	98.36062433052054
0.10380000000000002	0.5884808753323159	98.55163180293913
0.10400000000000001	0.5909110326660245	98.74264391461138
0.10420000000000001	0.5933486907488995	98.93366067075968
0.1044	0.5957938645442382	99.12468207699737
0.10460000000000001	0.5982465693387333	99.3157081387641
0.1048	0.6007068204220862	99.50673886149939
0.10500000000000001	0.6031746330870137	99.6977742506429
0.10520000000000002	0.6056500229559323	99.88881431146775
0.10540000000000001	0.6081330049192561	100.07985904962156
0.10560000000000001	0.6106235941970932	100.27090847058557
0.1058	0.6131218060125768	100.46196257984094
0.10600000000000001	0.6156276555918713	100.6530213828689
0.10620000000000002	0.6181411584969538	100.84408488499136
0.10640000000000001	0.6206623295440997	101.03515309188859
0.10660000000000001	0.6231911838853895	101.22622600908166
0.1068	0.6257277366759442	101.41730364209154
0.10700000000000001	0.6282720030739322	101.60838599643928
0.10720000000000002	0.6308250916611435	101.79947307749357
0.10740000000000001	0.6333856508972114	101.99056489096581
0.10760000000000002	0.6359534225436259	102.18166144241515
0.1078	0.6385281483242117	102.37276273740066
0.10800000000000001	0.6411095699250515	102.56386878148146
0.1082	0.6436969872203001	102.75497959010269
0.10840000000000001	0.6462906940096215	102.9460951564659
0.10860000000000002	0.6488905423291328	103.1372154836587
0.10880000000000001	0.6514963841931637	103.32834057476865
0.10900000000000001	0.654108071594232	103.51947043288337
0.1092	0.6567248588201425	103.71060506669629
0.10940000000000001	0.6593473448844103	103.9017444722877
0.10960000000000002	0.6619755311624463	104.09288865134374
0.10980000000000001	0.6646094190300104	104.28403760555051
0.11000000000000001	0.6672490098632111	104.47519133659416
0.1102	0.66989430561935	104.66634984623276
0.11040000000000001	0.672545306949221	104.85751313606254
0.11060000000000002	0.6752020150847386	105.04868120775159
0.11080000000000001	0.6778644312581434	105.23985406296806
0.11100000000000002	0.6805325567020016	105.43103170338014
0.11120000000000001	0.683206393224846	105.62221413073108
0.11140000000000001	0.6858859413403836	105.81340134659511
0.1116	0.6885712021382167	106.00459335262157
0.11180000000000001	0.6912621767082502	106.19579015045984
0.11200000000000002	0.6939588661406907	106.38699174175926
0.11220000000000001	0.6966612720964493	106.57819812824738
0.11240000000000001	0.6993693949533761	106.76940931147583
0.1126	0.7020832356599539	106.9606252930744
0.11280000000000001	0.7048027951649447	107.15184607467293
0.11300000000000002	0.7075280744173889	107.34307165790122
0.11320000000000001	0.7102590749317331	107.53430204447015
0.11340000000000001	0.7129957969512073	107.72553723590819
0.1136	0.7157382412843765	107.91677723382487
0.11380000000000001	0.7184864087400613	108.10802203982975
0.11400000000000002	0.7212403001273376	108.29927165553235
0.11420000000000001	0.7239999168153651	108.49052608262605
0.11440000000000002	0.7267652589139858	108.68178532261561
0.11460000000000001	0.7295363270930545	108.87304937708959
0.11480000000000001	0.7323131220226587	109.06431824763658
0.115	0.735095644373117	109.25559193584515
0.11520000000000001	0.7378838953694771	109.44687044339037
0.11540000000000002	0.7406778749894422	109.63815377175271
0.11560000000000001	0.7434775837653742	109.82944192249916
0.11580000000000001	0.7462830222298436	110.02073489719669
0.116	0.7490941909156286	110.21203269741225
0.11620000000000001	0.7519110909048646	110.40333532480179
0.11640000000000002	0.754733722044354	110.59464278082108
0.11660000000000001	0.7575620847301846	110.78595506701483
0.11680000000000001	0.7603961793586309	110.97727218492781
0.117	0.7632360063261513	111.16859413610473
0.11720000000000001	0.7660815665731626	111.35992092218166
0.11740000000000002	0.7689328598168196	111.55125254458918
0.11760000000000001	0.7717898863181648	111.7425890048492
0.11780000000000002	0.7746526463384035	111.93393030448364
0.11800000000000001	0.7775211401389015	112.12527644501439
0.11820000000000001	0.7803953685195718	112.31662742805695
0.1184	0.7832753310691659	112.50798325501626
0.11860000000000001	0.7861610279149118	112.69934392739087
0.11880000000000002	0.7890524591841764	112.89070944667932
0.11900000000000001	0.7919496250044645	113.0820798143801
0.11920000000000001	0.7948525260364045	113.27345503208743
0.1194	0.7977611617415901	113.46483510118024
0.11960000000000001	0.8006755321146685	113.65622002313317
0.11980000000000002	0.8035956371504023	113.84760979942082
0.12000000000000001	0.8065214768436695	114.03900443151778
0.12020000000000002	0.8094530517170268	114.23040392099638
0.12040000000000001	0.8123903611061708	114.42180826920911
0.12060000000000001	0.8153334048744079	114.61321747760618
0.1208	0.8182821828851361	114.80463154763778
0.12100000000000001	0.8212366950018469	114.99605048075412
0.12120000000000002	0.8241969416102647	115.18747427850498
0.12140000000000001	0.8271629219214288	115.37890294221604
0.12160000000000001	0.8301346356685448	115.57033647331265
0.1218	0.8331120825848868	115.76177487322009
0.12200000000000001	0.8360952624037986	115.95321814336367
0.12220000000000002	0.8390841753754003	116.14466628527009
0.12240000000000001	0.8420788205873306	116.33611930023788
0.12260000000000001	0.845079197643938	116.52757718966706
0.1228	0.8480853061496157	116.71903995495754
0.12300000000000001	0.8510971457088048	116.91050759750931
0.12320000000000002	0.8541147164372551	117.10198011882541
0.12340000000000001	0.8571380173004604	117.2934575201769
0.12360000000000002	0.8601670477751573	117.48493980293803
0.12380000000000001	0.8632018073381055	117.67642696848296
0.12400000000000001	0.8662422954660886	117.86791901818587
0.1242	0.8692885121417412	118.05941595352566
0.12440000000000001	0.8723404562096496	118.25091777574566
0.12460000000000002	0.8753981270201825	118.44242448619387
0.12480000000000001	0.8784615239237105	118.63393608621828
0.125	0.8815306462706052	118.82545257716694
0.1252	0.8846054939116178	119.01697396049408
0.1254	0.8876860655716873	119.20850023741495
0.12560000000000002	0.8907723604760649	119.40003140925099
0.12580000000000002	0.8938643778499812	119.59156747732368
0.126	0.8969621169186436	119.78310844295444
0.1262	0.9000655774021734	119.97465430757246
0.1264	0.9031747579071062	120.16620507236459
0.12660000000000002	0.9062896575348243	120.3577607386254
0.12680000000000002	0.909410275386665	120.54932130764944
0.127	0.9125366105639212	120.74088678073122
0.1272	0.9156686626573358	120.93245715927435
0.1274	0.9188064301562856	121.12403244443712
0.12760000000000002	0.92194991203953	121.31561263748682
0.12780000000000002	0.9250991072857623	121.50719773969077
0.128	0.928254014873608	121.69878775231622
0.1282	0.9314146342656758	121.89038267674081
0.12840000000000001	0.9345809638354364	122.081982514094
0.12860000000000002	0.937753002440276	122.27358726561549
0.12880000000000003	0.9409307489374928	122.46519693254506
0.129	0.9441142021842948	122.65681151612239
0.1292	0.947303361516417	122.84843101769874
0.12940000000000002	0.9504982251926594	123.04005543837451
0.12960000000000002	0.9536987919502825	123.23168477936157
0.1298	0.9569050605264351	123.42331904187176
0.13	0.9601170296581566	123.61495822711701
0.1302	0.9633346985555534	123.80660233642176
0.13040000000000002	0.9665580653640039	123.99825137085715
0.13060000000000002	0.9697871287018905	124.18990533160692
0.1308	0.973021887187462	124.38156421985478
0.131	0.9762623394388351	124.57322803678451
0.1312	0.9795084808408179	124.76489678369344
0.13140000000000002	0.9827603140525146	124.95657046162329
0.13160000000000002	0.9860178385000866	125.14824907172938
0.1318	0.9892810536096818	125.339932615167
0.132	0.9925499588074382	125.53162109309156
0.1322	0.995824550433669	125.72331450674511
0.13240000000000002	0.9991048317715454	125.91501285717453
0.13260000000000002	1.0023908030187658	126.10671614551346
0.1328	1.0056824643731328	126.29842437289554
0.133	1.0089798160325538	126.49013754045443
0.1332	1.01228287498476	126.68185564938555
0.13340000000000002	1.0155916204418567	126.87357870074531
0.13360000000000002	1.0189060484038206	127.06530669565191
0.1338	1.0222261548700808	127.25703963522352
0.134	1.0255519358395209	127.44877752057839
0.1342	1.0288833828032153	127.6405203530195
0.13440000000000002	1.0322204973927287	127.83226813343404
0.13460000000000003	1.0355632767323257	128.02402086289402
0.1348	1.0389117179458915	128.2157785424714
0.135	1.042265818156932	128.40754117323823
0.13520000000000001	1.0456255697931152	128.59930875641416
0.13540000000000002	1.0489909758461988	128.79108129288656
0.13560000000000003	1.0523620346126372	128.9828587836906
0.1358	1.0557387443886794	129.17464122986127
0.136	1.0591211034703754	129.36642863243375
0.13620000000000002	1.062509111624783	129.5582209925533
0.13640000000000002	1.065902765308633	129.7500183111172
0.1366	1.0693020624494862	129.94182058913302
0.1368	1.0727070009746413	130.13362782760834
0.137	1.0761175788111328	130.32544002755068
0.13720000000000002	1.079533794318195	130.51725719008607
0.13740000000000002	1.0829556448817899	130.7090793160739
0.1376	1.0863831283200185	130.9009064064921
0.1378	1.0898162424506999	131.09273846231866
0.138	1.0932549850913664	131.28457548453142
0.13820000000000002	1.0966993544863004	131.47641747422742
0.13840000000000002	1.1001493479187088	131.66826443223567
0.1386	1.1036049630984885	131.86011635950436
0.1388	1.1070661977352307	132.05197325698163
0.139	1.1105330495382222	132.24383512561565
0.13920000000000002	1.1140055166380558	132.43570196647417
0.13940000000000002	1.1174835962164262	132.6275737803558
0.1396	1.1209672858762763	132.81945056817875
0.1398	1.124456583220224	133.01133233086136
0.14	1.12795148585056	133.2032190693218
0.14020000000000002	1.1314519917854564	133.39511078459844
0.14040000000000002	1.1349580981063294	133.58700747745937
0.1406	1.1384698023104176	133.77890914879282
0.1408	1.141987101894613	133.970815799487
0.14100000000000001	1.1455099943554619	134.16272743043015
0.14120000000000002	1.149038477599983	134.354644042631
0.14140000000000003	1.1525725486105411	134.54656563682713
0.1416	1.156112204779914	134.73849221387653
0.1418	1.1596574435005158	134.93042377463735
0.14200000000000002	1.1632082621643922	135.12236031996764
0.14220000000000002	1.1667646585686768	135.31430185084645
0.1424	1.1703266295979	135.5062483679806
0.1426	1.1738941725416243	135.69819987219802
0.1428	1.1774672846890224	135.89015636432651
0.14300000000000002	1.1810459633288832	136.08211784519392
0.14320000000000002	1.184630206149702	136.2740843157494
0.1434	1.1882200099394102	136.46605577666912
0.1436	1.1918153718855913	136.65803222875064
0.1438	1.195416289175422	136.8500136727915
0.14400000000000002	1.1990227589956726	137.0420001095892
0.14420000000000002	1.202634778927469	137.23399154006285
0.1444	1.2062523456633498	137.4259879648579
0.1446	1.2098754562901561	137.61798938474163
0.1448	1.2135041078942987	137.80999580048103
0.14500000000000002	1.2171382975617666	138.00200721284327
0.14520000000000002	1.220778022767561	138.1940236227173
0.1454	1.2244232801100516	138.38604503071795
0.1456	1.2280740665765657	138.57807143758185
0.1458	1.231730379153986	138.77010284404568
0.14600000000000002	1.2353922148287502	138.96213925084606
0.14620000000000002	1.2390595709709968	139.15418065884177
0.1464	1.2427324440861238	139.3462270686168
0.1466	1.246410831063175	139.53827848087735
0.1468	1.2500947287907296	139.73033489632954
0.14700000000000002	1.2537841341569027	139.92239631567946
0.14720000000000003	1.2574790444282087	140.11446273975557
0.1474	1.2611794560182872	140.3065341691111
0.1476	1.264885365719124	140.4986106044217
0.14780000000000001	1.2685967703222196	140.69069204636293
0.14800000000000002	1.272313666618593	140.88277849561032
0.14820000000000003	1.2760360517723817	141.07486995296188
0.1484	1.279763922106666	141.26696641894011
0.1486	1.2834972743175919	141.45906789419004
0.14880000000000002	1.2872361051008039	141.65117437935663
0.14900000000000002	1.290980411151444	141.84328587508483
0.1492	1.2947301895325165	142.0354023821421
0.1494	1.2984854364777376	142.22752390102036
0.1496	1.3022461485886294	142.41965043233387
0.14980000000000002	1.3060123224661955	142.61178197669696
0.15000000000000002	1.3097839547109187	142.803918534724
0.1502	1.313561042285902	142.9960601071519
0.1504	1.3173435813366938	143.1882066944418
0.1506	1.3211315683714073	143.38035829717734
0.15080000000000002	1.3249249998976194	143.57251491594226
0.15100000000000002	1.328723872422367	143.76467655132024
0.1512	1.3325281828100968	143.95684320401756
0.1514	1.3363379271193647	144.14901487446468
0.1516	1.340153101766083	144.34119156321464
0.15180000000000002	1.343973703165607	144.53337327082042
0.15200000000000002	1.3477997277327358	144.7255599978351
0.1522	1.3516311722344718	144.91775174493432
0.1524	1.355468032643581	145.10994851251786
0.1526	1.3593103052849806	145.30215030110807
0.15280000000000002	1.3631579864830137	145.49435711122734
0.15300000000000002	1.3670110725614482	145.68656894339804
0.1532	1.3708695601910896	145.87878579826514
0.1534	1.3747334452600724	146.0710076761978
0.15360000000000001	1.3786027240035157	146.26323457768774
0.15380000000000002	1.3824773926559468	146.45546650322663
0.15400000000000003	1.3863574474513023	146.64770345330626
0.1542	1.3902428849653972	146.83994542854086
0.1544	1.3941337010029216	147.032192429269
0.15460000000000002	1.398029891710395	147.22444445595178
0.15480000000000002	1.4019314532337261	147.41670150905023
0.15500000000000003	1.405838381718216	147.60896358902548
0.1552	1.4097506736459116	147.80123069646106
0.1554	1.4136683247392265	147.99350283166498
0.15560000000000002	1.4175913310572725	148.18577999506775
0.15580000000000002	1.421519688658533	148.37806218709977
0.156	1.4254533936008658	148.57034940819153
0.1562	1.429392442273774	148.76264165889592
0.1564	1.4333368303185496	148.9549389394904
0.15660000000000002	1.437286553708081	149.1472412503749
0.15680000000000002	1.4412416084146118	149.3395485919492
0.157	1.4452019904097435	149.5318609646133
0.1572	1.449167695991628	149.72417836888923
0.1574	1.4531387207216135	149.91650080502416
0.15760000000000002	1.4571150604875491	150.10882827338733
0.15780000000000002	1.4610967111766264	150.30116077434815
0.158	1.465083668675373	150.49349830827586
0.1582	1.4690759291918158	150.68584087566194
0.1584	1.473073488208495	150.8781884767231
0.15860000000000002	1.4770763415293995	151.07054111179815
0.15880000000000002	1.4810844849578413	151.2628987812259
0.159	1.4850979142964549	151.45526148534518
0.1592	1.4891166256643291	151.64762922461668
0.15940000000000001	1.4931406144663597	151.84000199922687
0.15960000000000002	1.4971698764238484	152.03237980948413
0.15980000000000003	1.5012044072574031	152.22476265569676
0.16	1.505244202686939	152.4171505381731
0.1602	1.5092892587438107	152.60954345734325
0.16040000000000001	1.5133395707564092	152.8019414133634
0.16060000000000002	1.517395134364518	152.99434440651154
0.16080000000000003	1.5214559452072116	153.1867524370656
0.161	1.5255219989228548	153.3791655053035
0.1612	1.5295932914562578	153.57158361162462
0.16140000000000002	1.5336698180604504	153.7640067561551
0.16160000000000002	1.5377515742948633	153.95643493914258
0.16180000000000003	1.5418385557182013	154.14886816083464
0.162	1.545930757888443	154.3413064214788
0.1622	1.550028176665045	154.53374972144388
0.16240000000000002	1.5541308072268123	154.72619806082602
0.16260000000000002	1.5582386450539798	154.9186514398425
0.1628	1.5623516856260422	155.11110985871062
0.163	1.5664699244217555	155.30357331764773
0.1632	1.570593357216409	155.49604181699198
0.16340000000000002	1.5747219791157065	155.68851535680955
0.16360000000000002	1.5788557855218446	155.8809939372876
0.1638	1.582994771836261	156.07347755861315
0.164	1.5871389334596402	156.26596622097333
0.1642	1.5912882660842806	156.4584599246758
0.16440000000000002	1.5954427647439173	156.65095866975693
0.16460000000000002	1.5996024247638556	156.8434624563737
0.1648	1.6037672414686295	157.03597128468297
0.165	1.6079372101820046	157.22848515484182
0.1652	1.6121123265144632	157.42100406712737
0.16540000000000002	1.6162925854288905	157.6135280215463
0.16560000000000002	1.6204779821748474	157.80605701822552
0.1658	1.6246685120011084	157.99859105729186
0.166	1.6288641701556639	158.19113013887227
0.16620000000000001	1.63306495216835	158.38367426321355
0.16640000000000002	1.6372708529323199	158.57622343029269
0.16660000000000003	1.6414818676225316	158.76877764020665
0.1668	1.6456979914131409	158.9613368930523
0.167	1.6499192194775067	159.15390118892665
0.16720000000000002	1.6541455472660014	159.34647052804613
0.16740000000000002	1.6583769696031354	159.5390449103582
0.16760000000000003	1.6626134815903952	159.73162433592998
0.1678	1.66685507832845	159.92420880482842
0.168	1.6711017549171585	160.1167983171207
0.16820000000000002	1.6753535067285603	160.30939287299293
0.16840000000000002	1.6796103285196584	160.5019924723632
0.16860000000000003	1.6838722153196002	160.69459711526886
0.1688	1.6881391621567032	160.8872068017471
0.169	1.692411164058457	161.07982153183522
0.16920000000000002	1.696688216319751	161.27244130568923
0.16940000000000002	1.7009703136311567	161.46506612319794
0.1696	1.705257450950603	161.6576959843689
0.1698	1.7095496232351808	161.85033088920977
0.17	1.7138468254411343	162.0429708377281
0.17020000000000002	1.7181490527873369	162.23561583004977
0.17040000000000002	1.722456299899037	162.42826586603448
0.1706	1.7267685616640691	162.62092094566017
0.1708	1.7310858329694154	162.81358106890497
0.171	1.7354081087011977	163.00624623574674
0.17120000000000002	1.7397353840034413	163.19891644628146
0.17140000000000002	1.7440676534371369	163.39159170033975
0.1716	1.7484049118211344	163.58427199787008
0.1718	1.752747153973418	163.77695733882106
0.17200000000000001	1.7570943747111003	163.96964772314118
0.17220000000000002	1.761446569104466	164.16234315089642
0.17240000000000003	1.7658037316513633	164.3550436218885
0.1726	1.7701658571027719	164.5477491360366
0.1728	1.7745329402087908	164.74045969325988
0.17300000000000001	1.7789049757186364	164.93317529347752
0.17320000000000002	1.7832819586300253	165.12589593672567
0.17340000000000003	1.787663883378704	165.31862162277727
0.1736	1.7920507446488818	165.51135235152225
0.1738	1.7964425371238735	165.70408812285055
0.17400000000000002	1.8008392554860981	165.89682893665207
0.17420000000000002	1.805240894661811	166.08957479293326
0.17440000000000003	1.809647449025752	166.28232569143844
0.1746	1.8140589131964562	166.47508163202835
0.1748	1.8184752817915555	166.66784261456385
0.17500000000000002	1.8228965494277722	166.86060863890575
0.17520000000000002	1.8273227109610366	167.05337970503084
0.1754	1.8317537607061338	167.24615581265488
0.1756	1.8361896932170225	167.43893696160976
0.1758	1.8406305030467387	167.63172315172721
0.17600000000000002	1.845076184747401	167.82451438283908
0.17620000000000002	1.8495267331057272	168.01731065489267
0.1764	1.853982142377617	168.21011196757536
0.1766	1.858442407053536	168.40291832069013
0.1768	1.862907521623017	168.59572971403992
0.17700000000000002	1.8673774805746615	168.78854614742764
0.17720000000000002	1.8718522786271066	168.9813676207712
0.1774	1.8763319099784013	169.1741941337298
0.1776	1.880816369056598	169.36702568607765
0.1778	1.8853056502888028	169.55986227758893
0.17800000000000002	1.88979974810118	169.75270390803783
0.17820000000000003	1.8942986571453768	169.94555057731299
0.1784	1.898802371562657	170.1384022850455
0.1786	1.9033108857197343	170.33125903098096
0.17880000000000001	1.907824193982367	170.52412081486497
0.17900000000000002	1.9123422907153584	170.7169876364431
0.17920000000000003	1.9168651705044788	170.9098594955748
0.1794	1.9213928274352396	171.1027363918633
0.1796	1.9259252558140878	171.2956183250257
0.17980000000000002	1.9304624499465004	171.48850529477912
0.18000000000000002	1.9350044041369907	171.68139730084062
0.18020000000000003	1.9395511129065557	171.87429434304067
0.1804	1.9441025702859829	172.06719642095467
0.1806	1.9486587705225122	172.26010353427145
0.18080000000000002	1.9532197078624047	172.45301568267973
0.18100000000000002	1.9577853765509445	172.64593286586828
0.18120000000000003	1.9623557710454442	172.83885508363866
0.1814	1.9669308853229974	173.03178233553862
0.1816	1.9715107135726944	173.22471462122877
0.18180000000000002	1.9760952499826376	173.41765194036972
0.18200000000000002	1.9806844887399397	173.61059429262198
0.1822	1.9852784242393124	173.80354167775835
0.1824	1.9898770504051817	173.99649409529914
0.1826	1.9944803613695392	174.1894515448769
0.18280000000000002	1.9990883512633781	174.38241402612417
0.18300000000000002	2.0037010142166922	174.5753815386734
0.1832	2.008318344562674	174.7683540822688
0.1834	2.0129403361740974	174.96133165640333
0.1836	2.0175669831269007	175.15431426068167
0.18380000000000002	2.022198279496013	175.34730189470838
0.18400000000000002	2.0268342193553566	175.5402945580881
0.1842	2.0314747969776916	175.73329225053646
0.1844	2.036120006185134	175.92629497151938
0.18460000000000001	2.040769840998604	176.11930272061363
0.18480000000000002	2.0454242954380075	176.31231549739616
0.18500000000000003	2.050083363522229	176.50533330144378
0.1852	2.054747039464659	176.6983561324438
0.1854	2.05941531703776	176.89138398983505
0.18560000000000001	2.06408819020847	177.08441687316682
0.18580000000000002	2.0687656529426977	177.27745478198838
0.18600000000000003	2.0734476992053246	177.470497715849
0.1862	2.0781343231514255	177.66354567440771
0.1864	2.082825518504816	177.85659865707657
0.18660000000000002	2.087521279179475	178.0496566633774
0.18680000000000002	2.0922215990883446	178.242719692832
0.18700000000000003	2.0969264721433287	178.4357877449622
0.1872	2.1016358924422547	178.62886081939897
0.1874	2.1063498536612686	178.8219389155277
0.18760000000000002	2.1110683496624105	179.01502203284292
0.18780000000000002	2.115791374306672	179.20811017083912
0.18800000000000003	2.1205189214540017	179.40120332901088
0.1882	2.1252509851460397	179.59430150696122
0.1884	2.1299875590122292	179.78740470404904
0.18860000000000002	2.1347286368636778	179.9805129197417
0.18880000000000002	2.1394742125104402	180.17362615350663
0.189	2.1442242797615125	180.3667444048112
0.1892	2.14897883260338	180.5598676732307
0.1894	2.1537378646197682	180.75299595809773
0.18960000000000002	2.1585013695718596	180.9461292588526
0.18980000000000002	2.163269341219775	181.13926757493581
0.19	2.1680417733225696	181.33241090578775
0.1902	2.1728186598126027	181.52555925095615
0.1904	2.1775999942288555	181.71871260974729
0.19060000000000002	2.1823857702835894	181.91187098157485
0.19080000000000003	2.1871759816879894	182.10503436585242
0.191	2.1919706221521693	182.2982027619936
0.1912	2.1967696855554255	182.49137616951862
0.19140000000000001	2.2015731653929236	182.68455458770788
0.19160000000000002	2.2063810553289827	182.87773801594827
0.19180000000000003	2.211193349026845	183.07092645362684
0.192	2.216010040148667	183.26411990013048
0.1922	2.2208311225216764	183.45731835495218
0.19240000000000002	2.2256565895981986	183.6505218173464
0.19260000000000002	2.2304864349956044	183.84373028667372
0.19280000000000003	2.2353206523301723	184.03694376229458
0.193	2.240159235217091	184.23016224356942
0.1932	2.2450021774325544	184.42338572996408
0.19340000000000002	2.2498494723869773	184.61661422070745
0.19360000000000002	2.25470111365175	184.80984771513369
0.19380000000000003	2.2595570947971666	185.00308621257696
0.194	2.2644174093924234	185.19632971237144
0.1942	2.269282064967695	185.38957821395593
0.19440000000000002	2.274151037638346	185.58283171653383
0.19460000000000002	2.279024317479088	185.7760902194132
0.19480000000000003	2.2839018945629896	185.96935372190202
0.195	2.2887837589614812	186.16262222330838
0.1952	2.2936699109589265	186.35589572311466
0.19540000000000002	2.2985603278559594	186.54917422041092
0.19560000000000002	2.3034549971649487	186.74245771446164
0.1958	2.3083539063962237	186.9357462045312
0.196	2.313257043058078	187.1290396898841
0.1962	2.31816433562688	187.32233817000855
0.19640000000000002	2.323075845390209	187.51564164388927
0.19660000000000002	2.327991574610571	187.70895011073478
0.1968	2.3329115255507165	187.90226356975356
0.197	2.337835700473646	188.0955820201542
0.19720000000000001	2.3427641393389953	188.28890546106751
0.19740000000000002	2.3476967972923117	188.4822338917991
0.19760000000000003	2.352633667171407	188.67556731157686
0.1978	2.357574741812884	188.86890571962877
0.198	2.362520014052131	189.06224911518277
0.19820000000000002	2.3674694755628396	189.25559749757974
0.19840000000000002	2.3724231206285085	189.44895086590643
0.19860000000000003	2.3773809423710692	189.64230921936255
0.1988	2.382342933911281	189.83567255714772
0.199	2.38730908836874	190.02904087846173
0.19920000000000002	2.3922793983078314	190.22241418260984
0.19940000000000002	2.397253857538328	190.41579246865973
0.19960000000000003	2.402232459314855	190.60917573578476
0.1998	2.407215196890889	190.80256398315817
0.2	2.4122020635187598	190.99595720995333
0.20020000000000002	2.417193052587711	191.1893554154449
0.20040000000000002	2.4221881571752117	191.38275859867946
0.20060000000000003	2.427187370495625	191.57616675880496
0.2008	2.4321906857621594	191.76957989496938
0.201	2.4371980961868704	191.9629980063207
0.20120000000000002	2.4422095951148743	192.15642109210754
0.20140000000000002	2.4472251755881635	192.34984915135206
0.20160000000000003	2.4522448307817686	192.543282183177
0.2018	2.457268553869563	192.73672018670524
0.202	2.4622963380242595	192.93016316105954
0.20220000000000002	2.4673281765477864	193.1236111054627
0.20240000000000002	2.47236406244758	193.3170640189125
0.2026	2.4774039888602726	193.51052190050683
0.2028	2.4824479489213322	193.70398474934353
0.203	2.4874959357650583	193.89745256452036
0.20320000000000002	2.4925479426512087	194.0909253452344
0.20340000000000003	2.497603962553491	194.28440309045945
0.2036	2.502663988571047	194.47788579926848
0.2038	2.507728013801849	194.67137347073455
0.20400000000000001	2.512796031342698	194.86486610393064
0.20420000000000002	2.5178680344120967	195.0583636980283
0.20440000000000003	2.522944015950926	195.25186625197742
0.2046	2.528023969021749	195.44537376482631
0.2048	2.5331078866859555	195.6388862356235
0.20500000000000002	2.5381957620037547	195.83240366341727
0.20520000000000002	2.5432875881533374	196.02592604735383
0.20540000000000003	2.548383358043632	196.21945338635936
0.2056	2.553483064701524	196.41298567945776
0.2058	2.5585867011527226	196.60652292567303
0.20600000000000002	2.563694260421752	196.8000651240291
0.20620000000000002	2.568805735647468	196.99361227364696
0.20640000000000003	2.5739211197076566	197.18716437342923
0.2066	2.5790404055944163	197.3807214223756
0.2068	2.584163586298661	197.57428341948577
0.20700000000000002	2.5892906548101164	197.76785036375944
0.20720000000000002	2.5944216031564604	197.9614222542926
0.20740000000000003	2.599556425526067	198.15499908996452
0.2076	2.604695115145366	198.3485808697508
0.2078	2.609837665239639	198.5421675926271
0.20800000000000002	2.614984069033017	198.73575925756896
0.20820000000000002	2.6201342595311057	198.92935586364248
0.2084	2.62528830522343	199.12295740971018
0.2086	2.630446214387901	199.31656389472508
0.2088	2.635607995303582	199.51017531764015
0.20900000000000002	2.640773656250691	199.7037916774084
0.20920000000000002	2.645943177248212	199.89741297278522
0.2094	2.6511166019047567	200.0910392029706
0.2096	2.656293945570956	200.28467036696694
0.20980000000000001	2.6614752235996746	200.4783064637766
0.21000000000000002	2.666660451346015	200.67194749240198
0.21020000000000003	2.671849906450748	200.86559345151662
0.2104	2.6770432764366685	201.05924434053395
0.2106	2.6822405110822087	201.25290015853864
0.21080000000000002	2.687441560158026	201.44656090461524
0.21100000000000002	2.6926463734270083	201.6402265778484
0.21120000000000003	2.6978546994578054	201.83389717823593
0.2114	2.703066739467446	202.02757270372086
0.2116	2.708282493501709	202.22125315315958
0.21180000000000002	2.713501961606262	202.41493852540842
0.21200000000000002	2.7187251438266657	202.60862881932366
0.21220000000000003	2.723952069010021	202.8023240337178
0.2124	2.7291827012015304	202.9960241675019
0.2126	2.734417033244652	203.18972921954327
0.21280000000000002	2.7396550579816368	203.38343918870916
0.21300000000000002	2.7448967682535312	203.5771540738668
0.21320000000000003	2.750142156991698	203.77087387397498
0.2134	2.755391216920393	203.96459858778655
0.2136	2.760643940854173	204.15832821414602
0.21380000000000002	2.765900321606386	204.35206275189776
0.21400000000000002	2.7711603519891734	204.54580219988614
0.21420000000000003	2.7764240249017234	204.73954655704634
0.2144	2.781691333043458	204.93329582210927
0.2146	2.786962269200837	205.12704999389678
0.21480000000000002	2.792236826159105	205.32080907123054
0.21500000000000002	2.797514996702298	205.5145730529323
0.2152	2.80279677369825	205.7083419379137
0.2154	2.8080821498223303	205.90211572488408
0.2156	2.8133711178336904	206.09589441264265
0.21580000000000002	2.818663670490271	206.28967799998864
0.21600000000000003	2.8239598005487987	206.4834664857213
0.2162	2.829259500846657	206.67725986872904
0.2164	2.8345627640358244	206.87105814769967
0.21660000000000001	2.8398695828489164	207.06486132141
0.21680000000000002	2.8451799500173403	207.25866938863706
0.21700000000000003	2.8504938582712835	207.45248234815773
0.2172	2.8558113004184476	207.64630019883742
0.2174	2.861132269088192	207.84012293934248
0.21760000000000002	2.8664567569873753	208.03395056842768
0.21780000000000002	2.8717847568216404	208.22778308484789
0.21800000000000003	2.8771162612954093	208.42162048735787
0.2182	2.8824512631875194	208.61546277480016
0.2184	2.887789755105431	208.80930994581993
0.21860000000000002	2.8931317297310044	209.00316199915005
0.21880000000000002	2.898477179744881	209.1970189335234
0.21900000000000003	2.9038260978264803	209.39088074767278
0.2192	2.9091784767266247	209.58474744041814
0.2194	2.9145343090315294	209.77861901038358
0.21960000000000002	2.9198935873988	209.97249545628023
0.21980000000000002	2.9252563044848174	210.1663767768192
0.22000000000000003	2.9306224529447427	210.3602629707116
0.2202	2.9359920255021366	210.55415403675482
0.2204	2.941365014722698	210.74804997355218
0.22060000000000002	2.946741413240514	210.94195077979325
0.22080000000000002	2.952121213688447	211.1358564541675
0.22100000000000003	2.9575044086981377	211.3297669953646
0.2212	2.9628909909666934	211.52368240215952
0.2214	2.9682809530399523	211.71760267313502
0.22160000000000002	2.973674287529207	211.9115278069592
0.22180000000000002	2.9790709870445258	212.1054578023003
0.222	2.984471044194751	212.2993926578264
0.2222	2.989874451651317	212.49333237229055
0.22240000000000001	2.9952812019408563	212.68727694425493
0.22260000000000002	3.000691287652581	212.88122637236654
0.22280000000000003	3.006104701374476	213.07518065527233
0.223	3.0115214356932984	213.26913979161927
0.2232	3.0169414832555614	213.46310378013845
0.22340000000000002	3.022364836569352	213.65707261937175
0.22360000000000002	3.027791488202504	213.85104630794515
0.22380000000000003	3.0332214307216203	214.04502484448466
0.224	3.0386546566920756	214.23900822761618
0.2242	3.0440911587362005	214.43299645604907
0.22440000000000002	3.049530929344196	214.62698952830516
0.22460000000000002	3.0549739610632063	214.82098744298958
0.22480000000000003	3.060420246439147	215.01499019870747
0.225	3.0658697780167037	215.20899779406398
0.2252	3.0713225483948086	215.40301022774688
0.22540000000000002	3.076778550046355	215.59702749825806
0.22560000000000002	3.0822377754984744	215.79104960418206
0.22580000000000003	3.0877002172770656	215.9850765441034
0.226	3.093165867906797	216.17910831660654
0.2262	3.0986347199639055	216.3731449203579
0.22640000000000002	3.1041067659046124	216.56718635383965
0.22660000000000002	3.1095819982366995	216.76123261561588
0.22680000000000003	3.1150604094667145	216.95528370425063
0.227	3.120541992099974	217.14933961830792
0.2272	3.12602673869073	217.343400356433
0.22740000000000002	3.1315146416791424	217.53746591708847
0.22760000000000002	3.137005693554296	217.73153629881816
0.22780000000000003	3.1424998868040457	217.92561150016587
0.228	3.147997213915011	218.11969151967534
0.22820000000000001	3.1534976674201975	218.3137763559708
0.22840000000000002	3.1590012397442537	218.5078660074955
0.22860000000000003	3.164507923358205	218.70196047277318
0.2288	3.1700177107318424	218.89605975032754
0.229	3.1755305943337286	219.09016383868232
0.22920000000000001	3.1810465666762813	219.2842727364408
0.22940000000000002	3.1865656201692407	219.47838644202716
0.22960000000000003	3.192087747266202	219.67250495394524
0.2298	3.197612940419524	219.86662827069875
0.23	3.2031411920803357	220.06075639079157
0.23020000000000002	3.2086724947411764	220.25488931280637
0.23040000000000002	3.2142068407974143	220.44902703514833
0.23060000000000003	3.2197442226858213	220.64316955630153
0.2308	3.2252846328419373	220.83731687475003
0.231	3.2308280637000713	221.03146898897796
0.23120000000000002	3.2363745077335504	221.22562589754753
0.23140000000000002	3.2419239573239107	221.41978759884515
0.23160000000000003	3.247476404891699	221.6139540913353
0.2318	3.2530318428562324	221.80812537348254
0.232	3.2585902636355963	222.00230144375146
0.23220000000000002	3.264151659684536	222.196482300684
0.23240000000000002	3.2697160233713123	222.39066794264795
0.23260000000000003	3.2752833471008413	222.58485836808845
0.2328	3.2808536232768066	222.7790535754507
0.233	3.2864268443016607	222.97325356317987
0.23320000000000002	3.292003002612275	223.1674583297979
0.23340000000000002	3.297582090564082	223.36166787365408
0.23360000000000003	3.303164100546926	223.5558821931744
0.2338	3.3087490249494222	223.75010128678488
0.234	3.3143368561589526	223.94432515291155
0.23420000000000002	3.3199275865950777	224.13855379005642
0.23440000000000003	3.3255212086009625	224.3327871965505
0.23460000000000003	3.331117714551944	224.5270253708008
0.2348	3.3367170968221296	224.72126831121435
0.23500000000000001	3.3423193477843944	224.91551601619818
0.23520000000000002	3.347924459841638	225.1097684842346
0.23540000000000003	3.3535324253252132	225.3040257136365
0.2356	3.3591432365964904	225.49828770279208
0.2358	3.364756886015612	225.6925544500896
0.23600000000000002	3.3703733659414876	225.88682595391725
0.23620000000000002	3.3759926687609614	226.0811022127378
0.23640000000000003	3.381614786794037	226.27538322484622
0.2366	3.387239712388644	226.46966898861209
0.2368	3.3928674378914883	226.66395950240505
0.23700000000000002	3.3984979556480392	226.85825476459462
0.23720000000000002	3.4041312580296954	227.05255477362422
0.23740000000000003	3.4097673373455355	227.24685952777114
0.2376	3.4154061859305567	227.44116902538644
0.2378	3.4210477961185317	227.63548326482135
0.23800000000000002	3.4266921602419997	227.82980224442687
0.23820000000000002	3.43233927065741	228.02412596262732
0.23840000000000003	3.4379891196634356	228.21845441768238
0.2386	3.4436416995826526	228.41278760792488
0.2388	3.4492970027364094	228.6071255316877
0.23900000000000002	3.4549550214448264	228.80146818730364
0.23920000000000002	3.460615748050079	228.995815573178
0.23940000000000003	3.4662791748407393	229.19016768755304
0.2396	3.471945294127428	229.3845245287435
0.2398	3.4776140982195427	229.57888609506418
0.24000000000000002	3.483285579425253	229.7732523848298
0.24020000000000002	3.4889597300729243	229.96762339642677
0.24040000000000003	3.494636542441504	230.16199912808023
0.2406	3.500316008830131	230.35637957808694
0.24080000000000001	3.505998121536721	230.5507647447438
0.24100000000000002	3.5116828728579637	230.74515462634753
0.24120000000000003	3.517370255108969	230.93954922126602
0.2414	3.523060260559429	231.13394852770725
0.2416	3.528752881497453	231.32835254395036
0.24180000000000001	3.5344481102099263	231.52276126827437
0.24200000000000002	3.5401459389825107	231.71717469895833
0.24220000000000003	3.5458463601176105	231.91159283435167
0.2424	3.551549365875992	232.10601567264547
0.2426	3.5572549485351628	232.3004432121013
0.24280000000000002	3.562963100371406	232.4948754509806
0.24300000000000002	3.5686738136597858	232.68931238754487
0.24320000000000003	3.574387080690427	232.88375402012522
0.2434	3.5801028937156	233.07820034689607
0.2436	3.585821245002637	233.27265136610154
0.24380000000000002	3.59154212681765	233.46710707598572
0.24400000000000002	3.597265531425529	233.66156747479263
0.24420000000000003	3.602991451104721	233.85603256083536
0.2444	3.6087198780992162	234.05050233227172
0.2446	3.61445080466656	234.24497678732865
0.24480000000000002	3.620184223063078	234.439455924233
0.24500000000000002	3.625920125543877	234.63393974121155
0.24520000000000003	3.6316585043760723	234.82842823655946
0.2454	3.6373993517958096	235.02292140841817
0.2456	3.643142660051245	235.2174192549976
0.24580000000000002	3.6488884213893105	235.41192177450742
0.24600000000000002	3.654636628055729	235.60642896515748
0.24620000000000003	3.660387272306824	235.80094082522513
0.2464	3.6661403463711153	235.99545735283561
0.2466	3.6718958424877286	236.18997854618192
0.24680000000000002	3.677653752894572	236.3845044034569
0.24700000000000003	3.683414069828341	236.57903492285345
0.24720000000000003	3.6891767855349893	236.77357010263137
0.2474	3.6949418922357005	236.96810994089986
0.24760000000000001	3.7007093821609183	237.1626544358352
0.24780000000000002	3.706479247539869	237.35720358561346
0.24800000000000003	3.7122514806005733	237.55175738841086
0.2482	3.718026073579002	237.74631584246976
0.2484	3.723803018689301	237.94087894588358
0.24860000000000002	3.729582308153564	238.13544669681187
0.24880000000000002	3.7353639341926814	238.3300190934143
0.24900000000000003	3.741147889026329	238.52459613385042
0.2492	3.746934164880954	238.71917781634542
0.2494	3.752722753963854	238.913764138977
0.24960000000000002	3.7585136484890875	239.1083550998883
0.24980000000000002	3.76430684066951	239.3029506972226
0.25	3.770102322716768	239.497550929123
0.2502	3.7759000868481287	239.69215579379775
0.2504	3.781700125264305	239.88676528930893
0.2506	3.7875024301716187	240.08137941378337
0.25079999999999997	3.793306993775197	240.2759981653482
0.251	3.7991138082789577	240.47062154213037
0.2512	3.8049228658913905	240.6652495423211
0.2514	3.8107341588067936	240.85988216396711
0.2516	3.8165476792240307	241.0545194051792
0.25179999999999997	3.8223634193407685	241.24916126406836
0.252	3.828181371353473	241.44380773874556
0.2522	3.834001527462167	241.63845882738525
0.2524	3.839823879854966	241.83311452801888
0.2526	3.8456484207235406	242.02777483874138
0.25279999999999997	3.851475142258367	242.2224397576478
0.253	3.8573040366487237	242.41710928283325
0.2532	3.863135096086587	242.6117834124556
0.2534	3.868968312753965	242.8064621445312
0.2536	3.8748036788355655	243.00114547713926
0.25379999999999997	3.880641186514902	243.19583340835908
0.254	3.886480827974292	243.39052593626994
0.2542	3.8923225953978706	243.5852230590134
0.2544	3.8981664809618026	243.7799247745909
0.2546	3.904012476844064	243.97463108106598
0.25479999999999997	3.909860575221444	244.16934197650235
0.255	3.915710768269539	244.3640574589638
0.2552	3.9215630481650483	244.5587775265756
0.2554	3.927417407078311	244.75350217732435
0.2556	3.9332738371807716	244.94823140925823
0.25579999999999997	3.9391323306426846	245.1429652204255
0.256	3.9449928796331166	245.3377036088745
0.2562	3.9508554763215384	245.53244657271446
0.2564	3.956720112872645	245.72719410991735
0.2566	3.9625867814515328	245.921946218516
0.2568	3.9684554742221168	246.11670289654347
0.257	3.9743261833471233	246.31146414203275
0.2572	3.980198900989111	246.50622995307722
0.2574	3.986073619307164	246.70100032763435
0.2576	3.991950330460193	246.89577526372184
0.2578	3.9978290266059306	247.09055475935762
0.258	4.0037096999009245	247.28533881255953
0.2582	4.009592342501039	247.48012742140526
0.25839999999999996	4.015476946559831	247.67492058383783
0.2586	4.021363504230177	247.86971829786015
0.2588	4.027252007663767	248.064520561475
0.259	4.033142449011118	248.25932737268533
0.2592	4.039034820421615	248.45413872955325
0.25939999999999996	4.044929114043347	248.64895463000752
0.2596	4.050825322023278	248.84377507203624
0.2598	4.056723436507191	249.0386000536274
0.26	4.0626234496396965	249.2334295727691
0.2602	4.068525353563938	249.42826362750802
0.26039999999999996	4.074429140422529	249.62310221575888
0.2606	4.080334802356622	249.81794533549507
0.2608	4.086242331506192	250.01279298468992
0.261	4.092151720010041	250.20764516131683
0.2612	4.098062960005237	250.40250186340725
0.26139999999999997	4.103976043628941	250.59736308886193
0.2616	4.109890963016582	250.79222883563978
0.2618	4.1158077103024135	250.9870991016995
0.262	4.121726277619522	251.18197388500008
0.2622	4.12764665709907	251.37685318355778
0.26239999999999997	4.1335688408727425	251.57173699525958
0.2626	4.139492821070308	251.76662531805
0.2628	4.14541858982036	251.9615181498733
0.263	4.151346139250333	252.15641548867418
0.2632	4.157275461485644	252.3513173324539
0.26339999999999997	4.163206548652448	252.54622367908576
0.2636	4.169139392874891	252.7411345265
0.2638	4.175073986275953	252.93604987262677
0.264	4.181010320977451	253.13096971539633
0.2642	4.186948161049172	253.3258940527953
0.26439999999999997	4.192887783660395	253.52082288268332
0.2646	4.198829237952029	253.71575620297662
0.2648	4.2047725730716925	253.91069401159118
0.265	4.210717838173721	254.10563630644322
0.2652	4.216664957217921	254.30058308464703
0.26539999999999997	4.2226141358659985	254.4955343451209
0.2656	4.22856545459811	254.69049008598145
0.2658	4.2345189939054135	254.88545030534513
0.266	4.240474834290081	255.08041500132856
0.2662	4.2464340691703075	255.2753841707859
0.26639999999999997	4.2523955129999464	255.47035781341165
0.2666	4.258358993044315	255.66533592763793
0.2668	4.264324336544883	255.86031851189676
0.267	4.270291370719302	256.05530556462037
0.2672	4.276259160684689	256.2502970867725
0.26739999999999997	4.282228486161179	256.4452930736206
0.2676	4.288199364846906	256.640293522964
0.2678	4.294171814442363	256.8352984326018
0.268	4.3001458526504095	257.0303078003333
0.2682	4.306121597986167	257.2253216236289
0.26839999999999997	4.312098942150874	257.42033990069865
0.2686	4.318077877647673	257.615362629424
0.2688	4.3240583969786135	257.81038980768625
0.269	4.3300404926446525	258.0054214333668
0.2692	4.3360241584622266	258.2004575043952
0.2694	4.34200938528448	258.39549801859255
0.2696	4.347996165279903	258.5905429738282
0.2698	4.353984490615844	258.78559236797116
0.27	4.359974353458529	258.980646198891
0.2702	4.3659657459769665	259.1757044645096
0.2704	4.3719586603302085	259.3707671626302
0.2706	4.377953088680106	259.56583429110924
0.2708	4.383949023187367	259.7609058478026
0.271	4.389946456011578	259.9559818305664
0.2712	4.395945379315811	260.15106223730896
0.2714	4.401945785251625	260.3461470658212
0.2716	4.407947665974064	260.5412363139461
0.2718	4.413951013637046	260.7363299795267
0.27199999999999996	4.419955820393364	260.93142806040606
0.2722	4.425962078400051	261.1265305544791
0.2724	4.431969779800943	261.32163745952397
0.2726	4.437978916744119	261.5167487733709
0.2728	4.443989481376531	261.71186449385
0.27299999999999996	4.450001465844013	261.90698461879134
0.2732	4.456014862297528	262.10210914607643
0.2734	4.462029662872846	262.2972380734711
0.2736	4.468045859710875	262.4923713987927
0.2738	4.4740634449513985	262.6875091198586
0.27399999999999997	4.480082410733083	262.882651234486
0.2742	4.486102749200665	263.0777977405431
0.2744	4.4921244524815895	263.2729486357835
0.2746	4.498147512709378	263.468103918012
0.2748	4.504171922016427	263.66326358503295
0.27499999999999997	4.510197672534024	263.85842763465104
0.2752	4.516225056930147	264.0535960647213
0.2754	4.52225369167929	264.2487688729852
0.2756	4.528283493762306	264.4439460572348
0.2758	4.53431438014882	264.63912761526205
0.27599999999999997	4.540346267797262	264.83431354485896
0.2762	4.54637926550291	265.0295038449528
0.2764	4.552413050403013	265.22469851191636
0.2766	4.558447491452367	265.41989754325795
0.2768	4.564482457588163	265.6151009364857
0.27699999999999997	4.570517817730005	265.8103086891077
0.2772	4.576552113143004	266.00552080044645
0.2774	4.582586872180065	266.2007372657423
0.2776	4.588622295672928	266.39595808205
0.2778	4.594658584480161	266.5911832464241
0.27799999999999997	4.600695939487144	266.7864127559194
0.2782	4.606735405266644	266.9816466046264
0.2784	4.612776128230991	267.1768847933048
0.2786	4.6188180983955	267.37212731975046
0.2788	4.624861305774086	267.5673741817589
0.27899999999999997	4.630905740379299	267.7626253771259
0.2792	4.63695106809712	267.9578809037269
0.2794	4.642997684074954	268.1531407592579
0.2796	4.649045659365992	268.34840494149466
0.2798	4.655095065032812	268.543673448213
0.27999999999999997	4.661145972147382	268.73894627718863
0.2802	4.667198525307834	268.9342234251226
0.2804	4.67325270371314	269.12950489113405
0.2806	4.679308560081135	269.32479067326767
0.2808	4.685366147136577	269.52008076956787
0.28099999999999997	4.691425517611144	269.7153751780791
0.2812	4.697487695113996	269.9106738960427
0.2814	4.703551518858652	270.1059769225071
0.2816	4.709616798839717	270.3012842557178
0.2818	4.715683345026607	270.4965958939201
0.282	4.721750967363561	270.6919118353592
0.2822	4.72781862200972	270.88723208091693
0.2824	4.733887186009626	271.08255662554313
0.2826	4.739956682707318	271.2778854668241
0.2828	4.746027135449879	271.473218602346
0.283	4.7520985675874385	271.6685560296951
0.2832	4.758171127779917	271.8638977460609
0.2834	4.764244682757296	272.05924374952554
0.2836	4.7703192245469745	272.2545940377746
0.2838	4.776394745175258	272.4499486084934
0.284	4.782471236667376	272.6453074593675
0.2842	4.788548691061341	272.8406705881293
0.2844	4.794627100362864	273.03603799240545
0.28459999999999996	4.800706456590452	273.2314096698698
0.2848	4.806786751761524	273.426785618196
0.285	4.812867977892419	273.62216583505773
0.2852	4.818950127013942	273.81755031817545
0.2854	4.825033191120836	274.0129390651644
0.28559999999999997	4.831117162222323	274.20833207368685
0.2858	4.837202032326536	274.40372934140487
0.286	4.843287793440528	274.5991308659804
0.2862	4.84937443758769	274.79453664512187
0.2864	4.855461956751163	274.9899466764334
0.28659999999999997	4.861550342930426	275.1853609575657
0.2868	4.867639588123878	275.3807794861692
0.287	4.873729684328847	275.57620225989444
0.2872	4.87982062356086	275.77162927643786
0.2874	4.885912397791004	275.9670605333925
0.28759999999999997	4.892004999008569	276.16249602839747
0.2878	4.898098419201779	276.3579357590919
0.288	4.9041926503577775	276.55337972311474
0.2882	4.910287684483915	276.7488279181507
0.2884	4.916383513538613	276.94428034178173
0.28859999999999997	4.922480129500502	277.13973699163563
0.2888	4.928577524347139	277.3351978653401
0.289	4.934675690055011	277.53066296052265
0.2892	4.940774618622872	277.72613227485635
0.2894	4.946874301995924	277.9216058059122
0.28959999999999997	4.952974732141634	278.11708355130656
0.2898	4.959075901026404	278.31256550865595
0.29	4.965177800615569	278.50805167557655
0.2902	4.971280422898962	278.7035420497298
0.2904	4.977383759807856	278.8990366286758
0.29059999999999997	4.983487803298014	279.0945354100197
0.2908	4.989592545324146	279.2900383913668
0.291	4.995697977839891	279.485545570322
0.2912	5.001804092825595	279.68105694453527
0.2914	5.007910882198095	279.8765725115558
0.29159999999999997	5.014018337900926	280.0720922689777
0.2918	5.02012645187657	280.26761621439505
0.292	5.026235216066442	280.4631443454016
0.2922	5.032344622441074	280.65867665963583
0.2924	5.0384546629020805	280.8542131546363
0.29259999999999997	5.044565329380182	281.04975382798585
0.2928	5.05067661380505	281.24529867726756
0.293	5.056788508105292	281.4408477000641
0.2932	5.062901004241066	281.6364008940027
0.2934	5.069014094098153	281.831958256611
0.29359999999999997	5.0751277695938715	282.02751978546104
0.2938	5.081242022644492	282.22308547812474
0.294	5.08735684516523	282.4186553321739
0.2942	5.093472229105387	282.6142293452243
0.2944	5.099588166334183	282.809807514793
0.2946	5.105704648754918	283.00538983844115
0.2948	5.111821668269843	283.2009763137296
0.295	5.117939216780166	283.3965669382193
0.2952	5.124057286223831	283.5921617095148
0.2954	5.130175868452734	283.7877606251226
0.2956	5.136294955355515	283.9833636825928
0.2958	5.1424145388197635	284.1789708794756
0.296	5.148534610732028	284.374582213321
0.2962	5.154655163018276	284.5701976817224
0.2964	5.160776187512408	284.76581728217565
0.2966	5.166897676087743	284.9614410122202
0.2968	5.173019620616563	285.1570688693953
0.297	5.179142012970102	285.3527008512401
0.2972	5.185264845061877	285.5483369553371
0.2974	5.191388108706918	285.74397717917157
0.2976	5.197511795762534	285.9396215202721
0.2978	5.203635898084995	286.13526997616736
0.298	5.20976040752953	286.3309225443856
0.29819999999999997	5.215885315996526	286.5265792224983
0.2984	5.222010615281429	286.7222400079805
0.2986	5.228136297224826	286.91790489834983
0.2988	5.23426235366628	287.1135738911243
0.299	5.240388776444312	287.30924698382154
0.29919999999999997	5.246515557445605	287.5049241740021
0.2994	5.252642688445155	287.7006054591305
0.2996	5.258770161266101	287.8962908367138
0.2998	5.264897967730563	288.0919803042592
0.3	5.271026099659626	288.2876738592739
0.30019999999999997	5.277154548925606	288.48337149930745
0.3004	5.2832833072822245	288.67907322181406
0.3006	5.289412366534422	288.8747790242901
0.3008	5.295541718486121	289.07048890423226
0.301	5.301671354940216	289.266202859137
0.30119999999999997	5.307801267754016	289.4619208865432
0.3014	5.313931448659075	289.65764298389456
0.3016	5.320061889441361	289.8533691486771
0.3018	5.326192581885819	290.04909937837675
0.302	5.332323517776368	290.24483367047947
0.30219999999999997	5.338454688954548	290.44057202251344
0.3024	5.344586087128954	290.636314431912
0.3026	5.350717704065788	290.83206089615055
0.3028	5.356849531530243	291.02781141270475
0.303	5.362981561286481	291.22356597904985
0.30319999999999997	5.3691137851597075	291.4193245927034
0.3034	5.375246194834497	291.61508725108837
0.3036	5.381378782056455	291.8108539516698
0.3038	5.387511538570172	292.0066246919127
0.304	5.393644456119223	292.202399469282
0.30419999999999997	5.39977752651155	292.3981782812845
0.3044	5.40591074140698	292.593961125333
0.3046	5.4120440925297	292.78974799888204
0.3048	5.418177571602889	292.98553889938614
0.305	5.424311170348706	293.18133382429977
0.30519999999999997	5.430444880557277	293.37713277111925
0.3054	5.436578693862541	293.57293573724706
0.3056	5.442712601966385	293.76874272012725
0.3058	5.4488465965696955	293.96455371720407
0.306	5.454980669372342	294.16036872592156
0.30619999999999997	5.46111481214569	294.3561877437654
0.3064	5.467249016496977	294.5520107681279
0.3066	5.473383274104927	294.7478377964427
0.3068	5.47951757664726	294.9436688261436
0.307	5.485651915800686	295.1395038546643
0.3072	5.491786283317095	295.3353428794801
0.3074	5.497920670775972	295.53118589797293
0.3076	5.504055069831964	295.72703290756607
0.3078	5.510189472138725	295.9228839056831
0.308	5.5163238693488985	296.11873888974725
0.3082	5.522458253194086	296.31459785722336
0.3084	5.528592615224991	296.51046080548315
0.3086	5.534726947071262	296.7063277319396
0.3088	5.5408612403615525	296.90219863400586
0.309	5.546995486723514	297.09807350909495
0.3092	5.55312967786754	297.2939523546612
0.3094	5.559263805314612	297.4898351680662
0.3096	5.565397860668443	297.6857219467125
0.3098	5.571531835531757	297.881612688003
0.31	5.577665721506272	298.0775073893403
0.3102	5.583799510280395	298.2734060481685
0.3104	5.589933193344266	298.4693086618389
0.3106	5.596066762274691	298.6652152277437
0.31079999999999997	5.602200208647494	298.8611257432756
0.311	5.608333524037497	299.0570402058269
0.3112	5.614466700110188	299.25295861283126
0.3114	5.620599728323838	299.44888096162975
0.3116	5.62673260022737	299.64480724960436
0.31179999999999997	5.632865307368723	299.8407374741374
0.312	5.638997841294839	300.03667163261105
0.3122	5.645130193647342	300.2326097224485
0.3124	5.6512623558516095	300.4285517409806
0.3126	5.6573943194276906	300.6244976855791
0.31279999999999997	5.6635260758946515	300.8204475536161
0.313	5.669657616770563	301.0164013424633
0.3132	5.675788933672381	301.2123590495338
0.3134	5.681920017991369	301.40832067214814
0.3136	5.688050861217659	301.60428620766777
0.31379999999999997	5.694181454840407	301.8002556534545
0.314	5.700311790347774	301.99622900686984
0.3142	5.706441859330944	302.19220626531654
0.3144	5.712571653146108	302.3881874261049
0.3146	5.718701163252471	302.5841724865861
0.31479999999999997	5.724830381108252	302.7801614441117
0.315	5.730959298170689	302.976154296033
0.3152	5.737087906004343	303.17215103974235
0.3154	5.743216195929097	303.3681516725398
0.3156	5.749344159372161	303.5641561917665
0.31579999999999997	5.7554717877597525	303.76016459476335
0.316	5.76159907251712	303.9561768788717
0.3162	5.767726005181165	304.15219304147354
0.3164	5.7738525770343685	304.3482130798587
0.3166	5.77997877947086	304.5442369913578
0.31679999999999997	5.7861046038838	304.7402647733019
0.317	5.79223004166536	304.93629642302164
0.3172	5.79835508432378	305.13233193788903
0.3174	5.8044797231029825	305.3283713151835
0.3176	5.810603949362944	305.52441455222555
0.31779999999999997	5.816727754462665	305.7204616463357
0.318	5.822851129760169	305.91651259483456
0.3182	5.828974066733993	306.1125673950837
0.3184	5.835096556588349	306.30862604435237
0.3186	5.84121859064795	306.5046885399506
0.3188	5.847340160236541	306.7007548791889
0.319	5.853461256676888	306.8968250593773
0.3192	5.859581871290782	307.09289907782613
0.3194	5.8657019953990455	307.2889769318457
0.3196	5.871821620321521	307.4850586187461
0.3198	5.877940737377088	307.6811441358377
0.32	5.884059337883656	307.8772334804308